photo-1447103221969-00d97a9f38dd.jpg 47,105,206,329,0
photo-1597131527856-13cdb8dc050e-flipped-mirrored.jpg 178,106,155,67,0 104,83,81,48,0 285,393,263,347,0 299,380,288,355,0
photo-1518979353812-b492f6d6fedd.jpg 162,150,259,226,0 183,22,252,104,0 98,214,172,261,0 66,346,187,407,0 266,319,377,375,0 289,37,382,95,0
photo-1597157595247-461b85ec33b9-flipped.jpg 253,291,338,160,0
photo-1509440159596-0249088772ff-flipped-mirrored.jpg 386,395,219,159,0 273,297,51,27,0 217,414,64,283,0
photo-1554345788-bb4dd42878c1-flipped.jpg 113,250,307,91,0
photo-1587590227264-0ac64ce63ce8.jpg 131,104,297,343,0
photo-1469533778471-92a68acc3633-mirrored.jpg 206,140,166,195,0 169,128,125,170,0 315,79,237,134,0 149,69,74,128,0 90,34,23,83,0
photo-1595436022429-586f422fab32.jpg 36,308,108,358,0 280,332,356,391,0 353,230,403,273,0 352,166,394,201,0 110,127,145,150,0 150,115,182,138,0
photo-1528044166082-4159f1209b3a-mirrored.jpg 299,118,214,232,0 116,19,36,142,0 293,1,208,98,0 200,102,107,226,0 159,187,85,302,0 80,175,4,298,0 300,252,216,359,0 238,305,159,416,0 388,290,314,394,0 233,212,155,326,0 174,291,112,408,0 415,1,347,79,0
photo-1584627404349-0bb529b998b7-mirrored.jpg 399,343,382,377,0 320,347,288,386,0 156,83,138,106,0 123,79,102,104,0
photo-1595321957149-ec0bfbdc43a8-flipped-mirrored.jpg 415,247,306,169,0 183,233,122,184,0
photo-1582996799723-99369458c176-mirrored.jpg 174,163,52,313,0
photo-1469533778471-92a68acc3633.jpg 210,140,250,195,0 247,128,291,170,0 101,79,179,134,0 267,69,342,128,0 326,34,393,83,0
photo-1591386509551-3375904aae0a.jpg 98,165,231,282,0
photo-1592500442204-44e164b65455-flipped-mirrored.jpg 342,361,158,84,0
photo-1575026790968-a60e29365048-mirrored.jpg 263,148,143,243,0
photo-1470472304068-4398a9daab00-flipped.jpg 177,250,238,169,0
photo-1597157595247-461b85ec33b9.jpg 253,125,338,256,0
photo-1486611367184-17759508999c.jpg 157,70,206,125,0 231,66,277,131,0
depositphotos_206650160-stock-illustration-colorful-set-oval-shape-objects-mirrored.jpg 374,28,333,94,0 301,29,259,93,0 230,29,187,93,0 159,28,113,94,0 83,28,42,94,0 401,120,332,160,0 320,120,251,161,0 242,121,173,160,0 162,120,96,159,0 85,120,15,160,0 402,191,333,230,0 321,191,253,231,0 242,191,174,230,0 164,191,94,230,0 85,192,16,230,0 84,262,15,302,0 164,261,96,302,0 243,263,175,301,0 323,261,253,303,0 402,262,333,302,0
photo-1552065769-8079333a8c8f-flipped-mirrored.jpg 298,289,259,233,0
photo-1546548970-71785318a17b-mirrored.jpg 331,35,153,148,0 145,82,55,141,0 223,133,51,250,0 330,147,242,209,0 415,108,323,176,0 326,208,198,292,0 379,272,298,336,0 391,340,265,416,0 279,287,84,413,0 112,241,0,325,0
photo-1597303214120-b4e3df4830af-flipped-mirrored.jpg 348,342,61,71,0
photo-1484553255294-313b931acd27-flipped.jpg 52,249,172,58,0
photo-1597313459672-7169bdc794b8-mirrored.jpg 344,234,300,276,0 148,218,106,267,0
photo-1498354178607-a79df2916198-flipped.jpg 27,238,248,95,0
photo-1585557145382-90fc1d06a204.jpg 37,102,96,190,0 86,3,141,70,0 164,17,221,86,0 231,8,291,78,0 354,3,416,67,0 306,108,356,192,0 222,185,277,275,0 272,297,319,374,0 358,229,411,314,0 171,294,229,394,0 75,256,132,336,0 154,132,209,220,0 0,292,44,387,0 10,182,46,229,0
photo-1509440159596-0249088772ff-mirrored.jpg 386,21,219,257,0 273,119,51,389,0 217,2,64,133,0
photo-1510877073473-6d4545e9c2af-mirrored.jpg 257,200,52,274,0
photo-1592691582915-966f31aa43bc-flipped-mirrored.jpg 284,357,131,79,0
photo-1595578357846-21471f5f982e.jpg 177,150,259,251,0
photo-1597287485537-da1b36a625cb-mirrored.jpg 253,147,170,261,0
photo-1592691582915-966f31aa43bc.jpg 132,59,285,337,0
photo-1595241270769-8b8f1fba10f9-mirrored.jpg 194,122,122,184,0 80,90,51,123,0
photo-1581399909946-212344b3cf59.jpg 177,265,244,379,0
photo-1519039640779-4697c23ea2ed.jpg 116,86,197,205,0 169,186,251,313,0 62,192,151,308,0 123,303,206,416,0 206,298,308,411,0 309,294,397,415,0 248,177,336,317,0 213,62,289,189,0 282,78,377,204,0 248,2,333,78,0 79,2,161,81,0 40,76,125,189,0 1,196,65,302,0 1,293,63,414,0 46,312,129,416,0 334,171,416,304,0
photo-1533090481720-856c6e3c1fdc-mirrored.jpg 383,147,23,218,0
photo-1497040059851-bd928f851c43-mirrored.jpg 254,180,154,235,0
photo-1495147466023-ac5c588e2e94.jpg 33,44,117,99,0 120,45,212,101,0 215,45,298,105,0 304,46,389,107,0 296,109,386,167,0 285,169,383,226,0 304,233,388,288,0 302,294,392,355,0 208,293,297,349,0 205,234,297,291,0 113,175,205,232,0 115,235,202,291,0 117,297,205,353,0 20,229,113,290,0 21,169,108,228,0 33,105,126,169,0 20,295,116,356,0
photo-1572976993240-ee51181680be-mirrored.jpg 245,196,179,219,0
photo-1478317370563-0a8fc17e6837.jpg 256,25,334,136,0
photo-1578126074645-2b0affa37c0c-flipped-mirrored.jpg 188,181,56,7,0
photo-1521390599342-7325078dfebc-flipped-mirrored.jpg 389,320,315,259,0 271,379,205,319,0 231,298,154,244,0 71,242,22,200,0 115,167,65,130,0 262,182,211,133,0 202,142,154,101,0 291,90,238,47,0 359,198,313,159,0 290,241,251,209,0
photo-1588853200055-69f55237d105-flipped.jpg 275,380,335,185,0
photo-1597076508462-1ed57c8a6aea-flipped-mirrored.jpg 240,243,207,194,0 210,254,171,198,0
photo-1515974256630-babc85765b1d.jpg 151,125,260,290,0
photo-1583305727488-61f82c7eae4b-flipped.jpg 87,221,228,109,0
photo-1516368694098-47836cebec97-flipped.jpg 93,352,342,226,0
photo-1541913299-273fd84d10c4-flipped.jpg 167,290,254,136,0
photo-1524499982521-1ffd58dd89ea.jpg 47,169,160,250,0 234,176,328,246,0
photo-1522611329123-e8343389ef7a-flipped-mirrored.jpg 285,309,126,75,0
photo-1582397936337-1c1ddf48ed87.jpg 170,158,245,221,0 165,220,245,288,0
photo-1571075180369-888125e0bc84-mirrored.jpg 393,138,247,368,0 167,136,25,363,0
photo-1519039640779-4697c23ea2ed-mirrored.jpg 300,86,219,205,0 247,186,165,313,0 354,192,265,308,0 293,303,210,416,0 210,298,108,411,0 107,294,19,415,0 168,177,80,317,0 203,62,127,189,0 134,78,39,204,0 168,2,83,78,0 337,2,255,81,0 376,76,291,189,0 415,196,351,302,0 415,293,353,414,0 370,312,287,416,0 82,171,0,304,0
photo-1447103221969-00d97a9f38dd-flipped.jpg 47,311,206,87,0
photo-1585351738104-fce103eca1b1-mirrored.jpg 325,121,286,169,0 283,121,240,169,0 230,135,185,183,0 185,91,147,135,0 233,94,187,134,0 219,57,180,98,0 263,67,226,114,0
photo-1514285490982-4130e9aefedb.jpg 82,125,335,291,0
photo-1581092916357-5896ebc48073-flipped.jpg 353,386,379,346,0
photo-1545304110-0b149ce44157-mirrored.jpg 348,111,61,290,0
photo-1579379217717-56deff56d802-flipped.jpg 102,198,301,61,0 130,343,323,211,0
photo-1515542706656-8e6ef17a1521-flipped-mirrored.jpg 143,347,81,246,0 273,150,245,118,0
photo-1473447547337-5770a453122d-flipped-mirrored.jpg 289,327,120,59,0
photo-1555464735-4706a5ef4bf6.jpg 160,210,268,307,0
photo-1516706332927-bb3a20d62514.jpg 115,125,156,199,0 200,117,239,187,0 288,117,330,192,0 274,235,317,301,0 209,227,251,299,0 134,237,177,301,0
photo-1478317370563-0a8fc17e6837-flipped-mirrored.jpg 160,391,82,280,0
original-3913984-1-flipped-mirrored.jpg 377,391,305,282,0 244,357,155,230,0 120,387,47,282,0 170,267,33,169,0 191,160,31,58,0 320,289,245,194,0 297,189,216,66,0 380,190,303,56,0
photo-1528837629472-52c7894f284a-mirrored.jpg 327,62,290,114,0 272,65,236,112,0 381,134,344,184,0 326,133,293,185,0 325,206,293,256,0 271,206,236,256,0 272,279,237,327,0 324,351,293,400,0 379,278,345,325,0 195,82,177,130,0 170,99,153,147,0 145,118,131,167,0 121,137,108,182,0 171,169,154,219,0 194,223,177,273,0 146,254,130,301,0 123,202,107,250,0 75,168,62,215,0 34,197,22,241,0 15,210,1,259,0 55,246,41,292,0 32,260,23,308,0 15,278,1,320,0 76,298,62,345,0 55,310,42,357,0 122,337,106,383,0 99,349,84,396,0 145,392,123,416,0
photo-1562347810-18a0d370ba36.jpg 57,122,76,146,0 111,7,129,33,0 105,157,130,186,0 132,138,159,170,0 81,320,98,342,0 246,206,332,333,0 344,221,416,339,0 310,318,385,416,0
photo-1580687833952-959fdf06f2af-flipped.jpg 44,362,182,275,0 222,364,359,276,0 230,247,360,155,0 234,133,360,45,0 52,246,184,159,0 57,134,189,41,0
photo-1597137257188-5916d281a9e0.jpg 320,182,375,226,0
photo-1526509867162-5b0c0d1b4b33-flipped-mirrored.jpg 165,262,141,233,0 144,219,124,188,0 172,191,150,158,0 191,232,172,204,0 231,187,190,126,0 307,214,268,157,0
photo-1538962526599-a04a470e1936-flipped-mirrored.jpg 301,166,219,75,0 390,117,351,60,0 345,48,284,0,0 152,91,113,65,0
photo-1519018094032-dd9fb177778e-mirrored.jpg 252,131,206,160,0 185,124,141,155,0
photo-1597246654936-b7a4b64dbae6.jpg 43,174,403,313,0 315,44,371,92,0
photo-1520697830682-bbb6e85e2b0b-flipped.jpg 103,351,293,78,0
photo-1455813870877-04a32045af63-flipped-mirrored.jpg 266,260,141,162,0
photo-1546548970-71785318a17b-flipped.jpg 85,381,263,268,0 271,334,361,275,0 193,283,365,166,0 86,269,174,207,0 1,308,93,240,0 90,208,218,124,0 37,144,118,80,0 25,76,151,0,0 137,129,332,3,0 304,175,416,91,0
photo-1459257831348-f0cdd359235f-flipped.jpg 227,260,340,60,0
photo-1595343823032-8212b01e3084.jpg 22,248,99,304,0 78,258,171,310,0 99,124,343,283,0
photo-1594199679806-d543943615c8-mirrored.jpg 411,3,169,354,0 173,158,82,349,0 91,230,42,348,0
photo-1587590227264-0ac64ce63ce8-mirrored.jpg 285,104,119,343,0
photo-1498354178607-a79df2916198-flipped-mirrored.jpg 389,238,168,95,0
photo-1560609609-65307d250e77-flipped.jpg 78,107,133,65,0 318,107,366,65,0
photo-1549045105-bb8e7539a736-flipped.jpg 320,373,372,311,0
photo-1587316745726-41d3e8b4942d-flipped-mirrored.jpg 273,330,133,191,0
photo-1588940473740-5b5df7657f44-mirrored.jpg 350,83,63,295,0
photo-1477064996809-dae46985eee7-flipped.jpg 131,406,397,223,0
photo-1496989981497-27d69cdad83e-flipped-mirrored.jpg 288,299,122,111,0
photo-1595385370777-7d6add094d55-flipped.jpg 160,298,210,228,0 229,199,293,107,0 63,101,135,0,0 1,287,30,219,0 281,393,323,342,0 375,366,405,311,0 358,214,415,126,0 145,160,187,96,0
photo-1459552431286-ab62f22b5121-flipped.jpg 0,286,84,151,0 36,387,97,284,0 86,350,183,221,0 95,415,157,353,0 168,415,249,298,0 251,415,327,309,0 321,415,382,364,0 289,328,379,199,0 222,305,283,209,0 146,241,247,92,0 251,208,328,96,0 332,207,403,98,0 260,94,348,0,0 182,94,257,0,0 99,129,171,22,0 82,224,145,130,0 25,161,99,55,0 51,50,112,0,0
photo-1529566533972-fe622409cc14-flipped-mirrored.jpg 271,216,148,57,0
photo-1543443258-92b04ad5ec6b.jpg 159,206,261,358,0 145,158,194,192,0
photo-1513012372342-f0031630af0e-mirrored.jpg 300,47,109,339,0
photo-1563696991568-837fa580c9c7-mirrored.jpg 307,119,246,206,0 178,228,116,314,0 347,334,284,416,0 135,18,81,99,0 38,333,0,415,0 416,11,385,93,0
photo-1573066265159-37a92b483851.jpg 177,174,245,238,0 79,200,147,255,0 106,303,186,390,0 214,273,285,357,0 316,132,376,207,0 54,93,117,155,0 144,74,209,139,0 231,62,291,123,0 0,333,73,415,0
photo-1573950940509-d924ee3fd345-mirrored.jpg 214,157,93,362,0 99,98,63,142,0 78,358,0,399,0 315,215,279,251,0
photo-1580687833952-959fdf06f2af.jpg 44,54,182,141,0 222,52,359,140,0 230,169,360,261,0 234,283,360,371,0 52,170,184,257,0 57,282,189,375,0
photo-1579382479752-89d17805c2a3-flipped-mirrored.jpg 327,243,234,187,0
photo-1520697830682-bbb6e85e2b0b-mirrored.jpg 313,65,123,338,0
photo-1595522099398-50b0f7e19e3e-flipped-mirrored.jpg 256,206,149,161,0 285,323,213,249,0
photo-1580051235428-f88ae8a2d53b-mirrored.jpg 327,106,97,290,0
photo-1582649806185-9139f75cbc08-flipped.jpg 193,248,242,188,0 186,175,222,125,0
photo-1497618891100-ac2f06bef939-flipped-mirrored.jpg 311,264,226,135,0 162,260,66,127,0
photo-1595506071724-2f46fa0f65e6-mirrored.jpg 355,37,55,385,0
photo-1533404430309-762b1e4df052.jpg 46,40,90,94,0 105,41,149,95,0 163,42,206,94,0 221,41,265,95,0 281,41,322,96,0 338,44,381,96,0 333,115,376,173,0 280,117,320,169,0 221,114,266,169,0 165,115,205,167,0 108,115,150,167,0 54,115,91,165,0 49,187,91,239,0 108,190,147,241,0 50,261,92,316,0 108,261,148,316,0 165,262,204,314,0 222,263,261,314,0 278,262,320,316,0 334,262,375,317,0 334,192,374,241,0 277,189,316,241,0 222,189,261,239,0 164,189,205,239,0
photo-1546630392-db5b1f04874a-flipped-mirrored.jpg 415,191,314,129,0 252,112,164,29,0 183,124,111,80,0 125,172,61,122,0 223,198,110,126,0 139,241,53,185,0 230,259,136,197,0 138,292,66,235,0 252,311,167,257,0 321,346,244,291,0 370,300,226,188,0
photo-1580297083905-7aa003d91b84-mirrored.jpg 390,248,111,366,0
photo-1511140276483-30c1217ca449-flipped-mirrored.jpg 195,218,146,180,0 225,217,190,184,0 150,211,103,174,0 102,207,53,163,0 104,165,60,128,0 156,175,107,134,0 190,182,155,150,0 228,185,193,155,0 233,155,191,133,0 104,132,64,99,0 398,369,364,336,0
photo-1549216963-72c1712c1196.jpg 60,209,174,385,0 231,208,340,387,0 166,299,200,341,0
photo-1495903546524-cdb71d0aed7d-flipped-mirrored.jpg 164,189,87,66,0
photo-1564540583246-934409427776-flipped.jpg 77,330,150,160,0 267,331,342,166,0
photo-1523294587484-bae6cc870010-flipped.jpg 250,259,329,125,0 291,362,371,236,0
photo-1585351738104-fce103eca1b1.jpg 91,121,130,169,0 133,121,176,169,0 186,135,231,183,0 231,91,269,135,0 183,94,229,134,0 197,57,236,98,0 153,67,190,114,0
photo-1520109490510-99a12f1d596b-mirrored.jpg 323,93,222,245,0
photo-1511971316009-f6303916ad35-flipped-mirrored.jpg 208,145,138,77,0
photo-1458819714733-e5ab3d536722.jpg 150,188,301,288,0
photo-1508670102968-a8961dab9fc6-mirrored.jpg 389,47,296,137,0
photo-1596650735302-e4bca2dfa2fe.jpg 293,99,324,148,0
photo-1596806274852-0ec8d8f4dcec-flipped.jpg 111,407,241,208,0 153,233,321,21,0 251,405,398,188,0
photo-1471899236350-e3016bf1e69e-flipped-mirrored.jpg 179,322,100,232,0
photo-1522442902874-270c4b3a04df-flipped.jpg 190,285,228,220,0 231,180,306,59,0 107,175,186,54,0 91,269,136,198,0 52,222,95,164,0 9,170,59,98,0 367,165,408,110,0 326,219,361,167,0 272,251,317,182,0 265,295,294,247,0 301,292,323,251,0 236,260,273,200,0 166,187,221,118,0 118,169,159,121,0 287,171,317,110,0
photo-1549045105-bb8e7539a736.jpg 320,43,372,105,0
photo-1596463097767-79a39851a776-mirrored.jpg 346,258,315,297,0 236,270,195,313,0 174,265,152,296,0
photo-1516824467205-afa656d31a79-flipped.jpg 118,276,160,220,0 161,278,202,221,0 202,275,237,221,0
photo-1587316745726-41d3e8b4942d-mirrored.jpg 273,86,133,225,0
photo-1517842512476-c5a491eb1cf6(1).jpg 303,225,368,303,0
photo-1518152859494-5249120111ff-flipped.jpg 271,170,387,97,0 282,79,384,8,0 27,144,96,73,0 31,67,99,5,0
photo-1566543129384-767dc695d8e8-flipped-mirrored.jpg 323,252,194,47,0
photo-1447103221969-00d97a9f38dd-flipped-mirrored.jpg 369,311,210,87,0
photo-1532634861-1e70d179e7bc-flipped-mirrored.jpg 406,374,207,0,0
photo-1593609174012-5143a844af27-flipped-mirrored.jpg 178,367,65,252,0 142,241,29,132,0
photo-1595069906974-f8ae7ffc3e7a-flipped.jpg 205,297,382,154,0 50,337,190,231,0
photo-1592382727970-dac5d6a9a521.jpg 184,178,245,218,0
photo-1584467735867-4297ae2ebcee.jpg 342,212,410,262,0 215,62,250,99,0 196,238,231,262,0 210,364,245,394,0
photo-1537734852299-76f5308c300b-flipped.jpg 162,176,221,91,0 66,171,112,116,0 88,225,112,190,0
photo-1530124175301-15984e162c84-mirrored.jpg 312,191,194,280,0 360,99,278,174,0 415,135,354,209,0
photo-1529800762245-2edb94c697f4-flipped-mirrored.jpg 294,240,179,181,0 317,372,169,284,0 284,161,181,96,0 328,140,234,63,0 213,136,113,68,0 175,183,88,123,0
photo-1474591424615-7fe467c7fac9-flipped.jpg 98,213,202,87,0 62,322,167,214,0 1,282,83,164,0 1,399,83,311,0 175,362,272,256,0 255,416,342,307,0 335,393,398,317,0 153,415,251,354,0 76,415,176,328,0 330,318,416,204,0 265,302,326,219,0 293,240,390,117,0 190,252,283,126,0 244,141,330,10,0 126,102,230,0,0 8,91,122,0,0
photo-1597149169321-5a4b0cbd440d-flipped.jpg 164,239,222,158,0
photo-1587316745726-41d3e8b4942d.jpg 143,86,283,225,0
photo-1578863950612-905bfd9f41f1-mirrored.jpg 260,278,132,372,0
photo-1573504241177-69684aba8fa2.jpg 69,156,379,370,0 0,56,83,133,0
photo-1596199050105-6d5d32222916-mirrored.jpg 351,161,219,246,0 292,250,173,332,0 173,237,52,314,0 214,124,139,177,0 335,102,205,174,0 331,57,234,117,0 201,90,80,171,0
photo-1532767153582-b1a0e5145009.jpg 169,91,242,139,0
photo-1593609174012-5143a844af27.jpg 238,49,351,164,0 274,175,387,284,0
photo-1471943038886-87c772c31367.jpg 28,147,172,245,0 147,195,372,347,0
photo-1597287485537-da1b36a625cb.jpg 163,147,246,261,0
photo-1549216963-72c1712c1196-flipped.jpg 60,207,174,31,0 231,208,340,29,0 166,117,200,75,0
photo-1526509867162-5b0c0d1b4b33-mirrored.jpg 165,154,141,183,0 144,197,124,228,0 172,225,150,258,0 191,184,172,212,0 231,229,190,290,0 307,202,268,259,0
photo-1556922404-e13d9ff95de8-mirrored.jpg 283,184,140,277,0
photo-1517644535125-4524aeea6fff-mirrored.jpg 329,72,242,198,0 173,91,130,148,0 199,108,156,170,0 165,147,122,206,0 135,96,95,156,0 165,53,119,102,0 252,208,211,268,0
photo-1562347810-18a0d370ba36-mirrored.jpg 359,122,340,146,0 305,7,287,33,0 311,157,286,186,0 284,138,257,170,0 335,320,318,342,0 170,206,84,333,0 72,221,0,339,0 106,318,31,416,0
photo-1593936046710-1ae6b8275e71-flipped.jpg 135,342,306,117,0
photo-1497495864675-9444f4483ec9-flipped.jpg 171,375,246,230,0 44,181,131,47,0
photo-1486611367184-17759508999c-mirrored.jpg 259,70,210,125,0 185,66,139,131,0
photo-1540396873474-211c005ee4a3-mirrored.jpg 175,165,119,321,0 115,178,28,322,0 267,212,157,416,0
photo-1595506071724-2f46fa0f65e6-flipped.jpg 61,379,361,31,0
photo-1595514534892-a1ce92ee8677.jpg 178,54,286,187,0
photo-1530124175301-15984e162c84-flipped.jpg 104,225,222,136,0 56,317,138,242,0 1,281,62,207,0
photo-1584627404349-0bb529b998b7-flipped.jpg 17,73,34,39,0 96,69,128,30,0 260,333,278,310,0 293,337,314,312,0
photo-1517429128955-67ff5c1e29da-flipped.jpg 196,189,257,16,0 288,310,320,230,0
photo-1562574480-fd97d35cee6c.jpg 75,117,182,163,0 187,90,306,147,0 315,84,416,144,0 180,50,291,92,0 295,50,416,98,0 238,167,358,215,0 358,168,415,215,0 261,214,387,275,0 271,275,408,340,0 122,271,276,349,0 134,355,302,416,0 2,343,132,416,0 1,271,118,340,0 1,217,130,270,0 1,156,120,214,0 115,165,241,217,0 131,209,265,270,0 124,272,270,346,0
photo-1597084452847-718eb97cdd3a-flipped-mirrored.jpg 298,258,262,233,0 236,262,198,230,0 171,259,142,236,0
im-mirrored.jpg 316,127,106,301,0
photo-1497495864675-9444f4483ec9-mirrored.jpg 245,41,170,186,0 372,235,285,369,0
photo-1594199679806-d543943615c8.jpg 5,3,247,354,0 243,158,334,349,0 325,230,374,348,0
photo-1597329175822-ebe41db849c3-flipped.jpg 53,279,125,203,0
photo-1560697043-f880bb028f1e-flipped-mirrored.jpg 302,162,247,80,0 399,80,365,42,0
photo-1518152859494-5249120111ff-flipped-mirrored.jpg 145,170,29,97,0 134,79,32,8,0 389,144,320,73,0 385,67,317,5,0
photo-1533090481720-856c6e3c1fdc.jpg 33,147,393,218,0
photo-1483375801503-374c5f660610.jpg 148,298,165,317,0 234,296,256,320,0
photo-1526988729262-31c2fbb3f67d-mirrored.jpg 408,150,272,241,0 403,11,276,93,0 159,4,21,91,0 148,155,15,241,0 150,301,13,393,0 409,303,277,394,0
photo-1466637574441-749b8f19452f-flipped-mirrored.jpg 398,290,314,221,0 223,298,182,243,0 188,295,147,236,0 220,233,175,188,0
photo-1517842512476-c5a491eb1cf6(1)-flipped-mirrored.jpg 113,191,48,113,0
photo-1596437015375-58bc092b07b4-mirrored.jpg 270,141,117,333,0
photo-1532767153582-b1a0e5145009-flipped-mirrored.jpg 247,325,174,277,0
photo-1521904764098-e4e0a87e3ce0-mirrored.jpg 315,128,108,293,0
photo-1564540583246-934409427776-mirrored.jpg 339,86,266,256,0 149,85,74,250,0
photo-1528945522327-7032b0774637-mirrored.jpg 336,193,265,234,0 264,202,186,245,0 191,205,110,247,0 251,165,185,206,0 182,171,99,207,0 193,140,116,175,0
photo-1588850031589-50cfaf62e60f-flipped.jpg 7,320,209,203,0 202,310,395,217,0 106,414,310,302,0
photo-1589381383961-4388391972a3-flipped.jpg 137,332,404,141,0
photo-1595257841922-549721b1c49d.jpg 83,240,178,301,0
photo-1571169157725-e15bf75b8069.jpg 103,239,228,377,0 167,280,265,394,0 257,317,316,389,0
photo-1595435742656-5272d0b3fa82.jpg 144,110,225,182,0 139,232,205,287,0
photo-1595320260530-f3b188507214-mirrored.jpg 212,235,184,271,0
photo-1554078140-01f553ad4d40-flipped-mirrored.jpg 199,413,138,362,0 55,337,35,324,0
hot-air-balloon-1149183_1280-flipped.jpg 186,249,234,175,0
photo-1571841653386-77b2f456dc09-mirrored.jpg 205,81,181,107,0 173,78,147,101,0
photo-1523294587484-bae6cc870010-flipped-mirrored.jpg 166,259,87,125,0 125,362,45,236,0
photo-1510877073473-6d4545e9c2af.jpg 159,200,364,274,0
photo-1522611329123-e8343389ef7a-mirrored.jpg 285,107,126,341,0
photo-1549216963-72c1712c1196-flipped-mirrored.jpg 356,207,242,31,0 185,208,76,29,0 250,117,216,75,0
photo-1515470795860-432fb0098a39(1)-flipped-mirrored.jpg 331,335,252,283,0 249,334,175,278,0 266,352,210,319,0 278,286,229,232,0 246,269,184,220,0 190,265,141,213,0 319,216,250,161,0 350,181,276,128,0 291,130,232,94,0 276,177,195,122,0 240,219,173,165,0 158,216,83,166,0 183,184,110,133,0 231,130,152,75,0 154,151,81,99,0 97,124,22,77,0 136,88,74,50,0
photo-1511578314322-379afb476865-mirrored.jpg 264,360,143,416,0 90,354,11,392,0 415,323,346,365,0 78,87,19,111,0
photo-1585770900605-fdd4161f9469-flipped-mirrored.jpg 322,265,270,198,0 276,227,225,164,0 221,362,175,285,0 263,390,216,319,0 375,141,322,61,0 327,99,278,22,0
photo-1515542706656-8e6ef17a1521-mirrored.jpg 143,69,81,170,0 273,266,245,298,0
photo-1553440569-bcc63803a83d-flipped-mirrored.jpg 188,150,155,91,0 73,165,45,106,0
photo-1531731099075-1175cb66950e.jpg 166,335,261,391,0 232,282,298,319,0 366,199,394,221,0 313,152,335,167,0 271,95,313,129,0 270,76,282,87,0 286,80,322,102,0
photo-1533404430309-762b1e4df052-flipped.jpg 46,376,90,322,0 105,375,149,321,0 163,374,206,322,0 221,375,265,321,0 281,375,322,320,0 338,372,381,320,0 333,301,376,243,0 280,299,320,247,0 221,302,266,247,0 165,301,205,249,0 108,301,150,249,0 54,301,91,251,0 49,229,91,177,0 108,226,147,175,0 50,155,92,100,0 108,155,148,100,0 165,154,204,102,0 222,153,261,102,0 278,154,320,100,0 334,154,375,99,0 334,224,374,175,0 277,227,316,175,0 222,227,261,177,0 164,227,205,177,0
photo-1531731099075-1175cb66950e-flipped.jpg 166,81,261,25,0 232,134,298,97,0 366,217,394,195,0 313,264,335,249,0 271,321,313,287,0 270,340,282,329,0 286,336,322,314,0
photo-1580297083905-7aa003d91b84.jpg 26,248,305,366,0
photo-1513012372342-f0031630af0e.jpg 116,47,307,339,0
photo-1559740983-b9c5ffbac1ff-flipped-mirrored.jpg 399,161,285,84,0
photo-1550732307-6d6080f8b87d-flipped-mirrored.jpg 245,54,206,16,0 188,56,145,18,0
photo-1547473341-7602ffc0ae43-flipped.jpg 101,181,171,133,0
photo-1562574480-fd97d35cee6c-flipped.jpg 75,299,182,253,0 187,326,306,269,0 315,332,416,272,0 180,366,291,324,0 295,366,416,318,0 238,249,358,201,0 358,248,415,201,0 261,202,387,141,0 271,141,408,76,0 122,145,276,67,0 134,61,302,0,0 2,73,132,0,0 1,145,118,76,0 1,199,130,146,0 1,260,120,202,0 115,251,241,199,0 131,207,265,146,0 124,144,270,70,0
photo-1577784726746-69b1c9d57f7c-mirrored.jpg 207,193,136,249,0 122,209,48,267,0
photo-1449962887303-b4a91c7c560a-flipped.jpg 59,247,160,108,0 1,229,96,65,0 68,100,124,40,0 14,61,68,1,0
photo-1523294587484-bae6cc870010-mirrored.jpg 166,157,87,291,0 125,54,45,180,0
im-flipped.jpg 100,289,310,115,0
photo-1595520166326-1308bba9b287-flipped-mirrored.jpg 242,155,177,109,0 184,171,110,126,0 255,108,161,65,0 164,137,92,92,0 122,210,53,165,0 67,259,1,206,0 311,309,241,266,0 153,283,91,244,0 136,255,77,217,0 89,282,27,250,0 119,307,59,272,0 194,216,122,174,0 233,192,159,152,0
photo-1528044166082-4159f1209b3a-flipped.jpg 117,298,202,184,0 300,397,380,274,0 123,415,208,318,0 216,314,309,190,0 257,229,331,114,0 336,241,412,118,0 116,164,200,57,0 178,111,257,0,0 28,126,102,22,0 183,204,261,90,0 242,125,304,8,0 1,415,69,337,0
photo-1592642131178-3f8d38b92fde-flipped-mirrored.jpg 115,237,35,187,0 317,303,258,268,0 129,354,81,321,0 333,396,278,364,0
photo-1597246654936-b7a4b64dbae6-mirrored.jpg 373,174,13,313,0 101,44,45,92,0
photo-1552065769-8079333a8c8f-flipped.jpg 118,289,157,233,0
photo-1595522494414-4f39d6f74564-flipped-mirrored.jpg 282,244,129,193,0
photo-1597084759111-0abc5d8942a7.jpg 62,156,138,224,0
photo-1528837629472-52c7894f284a-flipped-mirrored.jpg 327,354,290,302,0 272,351,236,304,0 381,282,344,232,0 326,283,293,231,0 325,210,293,160,0 271,210,236,160,0 272,137,237,89,0 324,65,293,16,0 379,138,345,91,0 195,334,177,286,0 170,317,153,269,0 145,298,131,249,0 121,279,108,234,0 171,247,154,197,0 194,193,177,143,0 146,162,130,115,0 123,214,107,166,0 75,248,62,201,0 34,219,22,175,0 15,206,1,157,0 55,170,41,124,0 32,156,23,108,0 15,138,1,96,0 76,118,62,71,0 55,106,42,59,0 122,79,106,33,0 99,67,84,20,0 145,24,123,0,0
photo-1447103221969-00d97a9f38dd-mirrored.jpg 369,105,210,329,0
photo-1597250540935-94ebdd0f045e.jpg 165,106,281,174,0
photo-1524115415269-a63b6e8a4115-flipped.jpg 187,300,307,215,0 226,204,351,117,0 93,177,212,91,0 38,275,176,188,0 14,364,134,294,0 144,386,267,307,0 278,408,401,331,0 322,323,416,243,0
photo-1593609174012-5143a844af27-flipped.jpg 238,367,351,252,0 274,241,387,132,0
photo-1583121274602-3e2820c69888-flipped.jpg 218,155,261,49,0 363,150,392,54,0
photo-1518152859494-5249120111ff-mirrored.jpg 145,246,29,319,0 134,337,32,408,0 389,272,320,343,0 385,349,317,411,0
photo-1528474078150-7324b0375b1c.jpg 167,328,195,371,0
photo-1521753632004-1e003061a315.jpg 153,125,260,191,0
photo-1578126074645-2b0affa37c0c.jpg 228,235,360,409,0
photo-1511367734837-f2956f0d8020-flipped-mirrored.jpg 167,412,89,302,0
photo-1484024091473-858a1e7ece52-flipped.jpg 160,185,209,151,0 210,184,258,150,0
photo-1587316745941-345801a15d8e.jpg 103,76,201,222,0
photo-1597076508462-1ed57c8a6aea.jpg 176,173,209,222,0 206,162,245,218,0
photo-1593642634315-48f5414c3ad9-mirrored.jpg 360,243,292,281,0
photo-1511971316009-f6303916ad35-flipped.jpg 208,145,278,77,0
photo-1560609609-65307d250e77.jpg 78,309,133,351,0 318,309,366,351,0
photo-1580052614034-c55d20bfee3b-flipped.jpg 142,223,344,84,0 318,284,416,154,0
photo-1587316745941-345801a15d8e-mirrored.jpg 313,76,215,222,0
photo-1485770958101-9dd7e4ea6d93-mirrored.jpg 222,226,193,272,0
photo-1524805444758-089113d48a6d.jpg 101,200,249,308,0
photo-1484553255294-313b931acd27-flipped-mirrored.jpg 364,249,244,58,0
photo-1589118949245-7d38baf380d6-mirrored.jpg 325,134,256,298,0 217,144,104,349,0
photo-1552519507-da3b142c6e3d-mirrored.jpg 221,232,181,324,0 99,204,80,273,0
photo-1514285490982-4130e9aefedb-flipped-mirrored.jpg 334,291,81,125,0
photo-1567421077516-8eca92252f06-mirrored.jpg 307,198,121,289,0 382,96,246,144,0 85,46,1,88,0 201,85,96,120,0
hot-air-balloon-1149183_1280.jpg 186,167,234,241,0
photo-1518228684816-9135c15ab4ea.jpg 256,52,322,184,0 333,52,398,188,0 105,144,153,257,0 120,66,157,131,0 157,286,213,410,0 109,271,155,391,0 62,258,104,362,0 67,151,102,243,0 23,135,60,237,0 24,245,62,346,0
photo-1526988729262-31c2fbb3f67d-flipped-mirrored.jpg 408,266,272,175,0 403,405,276,323,0 159,412,21,325,0 148,261,15,175,0 150,115,13,23,0 409,113,277,22,0
photo-1581067126178-7df937c6d4b4-mirrored.jpg 220,95,130,181,0 294,170,192,258,0 155,186,75,262,0
photo-1528945522327-7032b0774637.jpg 80,193,151,234,0 152,202,230,245,0 225,205,306,247,0 165,165,231,206,0 234,171,317,207,0 223,140,300,175,0
photo-1595385370777-7d6add094d55-mirrored.jpg 256,118,206,188,0 187,217,123,309,0 353,315,281,416,0 415,129,386,197,0 135,23,93,74,0 41,50,11,105,0 58,202,1,290,0 271,256,229,320,0
photo-1512851685250-bfa0aa982a1c-flipped-mirrored.jpg 260,304,159,112,0 60,402,8,310,0 99,328,49,239,0 99,176,44,80,0 56,107,4,16,0 407,104,356,8,0 368,178,314,84,0 372,334,313,240,0 412,404,351,306,0 396,234,366,181,0 307,231,273,182,0 284,304,253,252,0 164,307,130,251,0 139,231,110,181,0 160,159,134,111,0 219,61,192,13,0 222,403,193,350,0 48,230,18,178,0
photo-1455813870877-04a32045af63.jpg 150,156,275,254,0
photo-1520697830682-bbb6e85e2b0b-flipped-mirrored.jpg 313,351,123,78,0
photo-1597082037063-d1001210a76f-flipped.jpg 82,252,183,90,0 241,261,342,102,0
photo-1578762560042-46ad127c95ea-mirrored.jpg 307,157,251,235,0 179,46,48,224,0
photo-1591386509551-3375904aae0a-flipped.jpg 98,251,231,134,0
photo-1536330011639-86c5ef5a1045-flipped-mirrored.jpg 211,190,147,83,0 292,247,248,186,0 369,250,304,182,0
photo-1577784726746-69b1c9d57f7c-flipped.jpg 209,223,280,167,0 294,207,368,149,0
photo-1517429128955-67ff5c1e29da.jpg 196,227,257,400,0 288,106,320,186,0
photo-1526509867162-5b0c0d1b4b33.jpg 251,154,275,183,0 272,197,292,228,0 244,225,266,258,0 225,184,244,212,0 185,229,226,290,0 109,202,148,259,0
photo-1513849227832-b9786632d98e-mirrored.jpg 300,144,174,227,0 125,11,0,97,0 191,267,58,338,0 415,273,335,342,0
photo-1595285203724-56bbd5d4ddd3.jpg 72,121,108,156,0 113,111,154,152,0
photo-1587316745941-345801a15d8e-flipped-mirrored.jpg 313,340,215,194,0
photo-1597260491651-ee327fc487b1-mirrored.jpg 236,240,99,351,0 382,227,334,275,0
photo-1542222024-c39e2281f121-flipped-mirrored.jpg 240,295,73,110,0 414,308,321,148,0 191,374,57,256,0 393,384,187,183,0
photo-1520109490510-99a12f1d596b.jpg 93,93,194,245,0
photo-1521390599342-7325078dfebc-flipped.jpg 27,320,101,259,0 145,379,211,319,0 185,298,262,244,0 345,242,394,200,0 301,167,351,130,0 154,182,205,133,0 214,142,262,101,0 125,90,178,47,0 57,198,103,159,0 126,241,165,209,0
photo-1524805444758-089113d48a6d-mirrored.jpg 315,200,167,308,0
photo-1538492732910-eb0899daf4dd.jpg 157,198,199,250,0 202,157,242,205,0 287,149,325,194,0 366,140,393,183,0 92,215,124,269,0 28,262,63,322,0
photo-1544340411-1616fe74ad47.jpg 35,122,177,349,0 239,63,310,180,0 312,74,341,138,0 303,176,369,321,0
photo-1520109490510-99a12f1d596b-flipped.jpg 93,323,194,171,0
hot-air-balloon-5390488_960_720-flipped-mirrored.jpg 395,348,22,101,0
photo-1548184349-ea4c498c600d.jpg 208,152,334,321,0
photo-1587040690309-259114f43648-mirrored.jpg 372,104,193,175,0 248,255,149,307,0
photo-1547473341-7602ffc0ae43.jpg 101,235,171,283,0
photo-1509705287452-eeb506ac8b23.jpg 183,75,276,195,0 126,222,243,377,0
photo-1597090442229-c506cfdafb69-flipped-mirrored.jpg 217,233,149,172,0 331,203,269,106,0
photo-1514285490982-4130e9aefedb-mirrored.jpg 334,125,81,291,0
photo-1509705287452-eeb506ac8b23-flipped.jpg 183,341,276,221,0 126,194,243,39,0
photo-1523294587484-bae6cc870010.jpg 250,157,329,291,0 291,54,371,180,0
photo-1471899236350-e3016bf1e69e.jpg 237,94,316,184,0
photo-1571847140471-1d7766e825ea-flipped.jpg 190,76,260,20,0 321,327,399,272,0
photo-1596199050105-6d5d32222916-flipped-mirrored.jpg 351,255,219,170,0 292,166,173,84,0 173,179,52,102,0 214,292,139,239,0 335,314,205,242,0 331,359,234,299,0 201,326,80,245,0
photo-1517278862943-719c3d4315b3-flipped-mirrored.jpg 281,250,247,221,0 197,254,155,223,0
photo-1550565118-3a14e8d0386f.jpg 108,157,280,249,0
photo-1595520166326-1308bba9b287-mirrored.jpg 242,261,177,307,0 184,245,110,290,0 255,308,161,351,0 164,279,92,324,0 122,206,53,251,0 67,157,1,210,0 311,107,241,150,0 153,133,91,172,0 136,161,77,199,0 89,134,27,166,0 119,109,59,144,0 194,200,122,242,0 233,224,159,264,0
photo-1595257841922-549721b1c49d-flipped.jpg 83,176,178,115,0
photo-1572314997669-275cf96124fc-mirrored.jpg 302,158,112,289,0
photo-1597250540935-94ebdd0f045e-mirrored.jpg 251,106,135,174,0
photo-1593377201811-4516986cbe41.jpg 137,118,177,146,0 195,120,232,148,0 343,250,416,303,0
photo-1553523292-1140e57d4f87-flipped-mirrored.jpg 415,377,360,257,0 359,371,285,250,0 281,366,207,252,0 204,360,129,244,0 116,353,47,233,0 415,263,358,151,0 351,262,273,142,0 272,262,195,143,0 194,254,120,128,0 123,249,57,122,0 49,240,0,125,0 415,156,347,24,0 350,147,265,4,0 264,141,173,0,0 175,132,92,8,0 88,141,12,22,0
photo-1597260491651-ee327fc487b1-flipped.jpg 180,176,317,65,0 34,189,82,141,0
photo-1533563180007-9f3f0af01970-flipped.jpg 194,195,288,46,0
photo-1584467735867-4297ae2ebcee-mirrored.jpg 74,212,6,262,0 201,62,166,99,0 220,238,185,262,0 206,364,171,394,0
photo-1550732307-6d6080f8b87d-mirrored.jpg 245,362,206,400,0 188,360,145,398,0
photo-1597084452847-718eb97cdd3a-flipped.jpg 118,258,154,233,0 180,262,218,230,0 245,259,274,236,0
photo-1554345788-bb4dd42878c1-flipped-mirrored.jpg 303,250,109,91,0
photo-1584467735867-4297ae2ebcee-flipped-mirrored.jpg 74,204,6,154,0 201,354,166,317,0 220,178,185,154,0 206,52,171,22,0
photo-1517278862943-719c3d4315b3-mirrored.jpg 281,166,247,195,0 197,162,155,193,0
photo-1484024091473-858a1e7ece52-flipped-mirrored.jpg 256,185,207,151,0 206,184,158,150,0
photo-1577218546063-5e53e820851e-mirrored.jpg 207,348,139,398,0 133,332,56,388,0
photo-1595069906974-f8ae7ffc3e7a-flipped-mirrored.jpg 211,297,34,154,0 366,337,226,231,0
photo-1597055465321-55a807c2f493-flipped.jpg 192,144,223,112,0 332,134,361,107,0
photo-1499854413229-6d1c92ff39ef.jpg 175,173,218,232,0
photo-1497040059851-bd928f851c43-flipped.jpg 162,236,262,181,0
photo-1541104659667-30c3b4f64d46-flipped-mirrored.jpg 266,226,177,130,0
photo-1518979353812-b492f6d6fedd-flipped-mirrored.jpg 254,266,157,190,0 233,394,164,312,0 318,202,244,155,0 350,70,229,9,0 150,97,39,41,0 127,379,34,321,0
photo-1597246090209-f2ebe6144b70-flipped.jpg 155,231,240,155,0
photo-1587316745941-345801a15d8e-flipped.jpg 103,340,201,194,0
photo-1594009272198-52d7e15bfeec-mirrored.jpg 258,164,170,260,0
images(2).jpg 60,133,180,341,0 191,140,321,335,0 89,18,227,170,0 217,30,346,172,0 0,131,86,330,0 298,131,409,326,0 101,318,242,416,0 1,3,95,145,0
photo-1591386509551-3375904aae0a-mirrored.jpg 318,165,185,282,0
photo-1597284902002-b6100a7a60a5-flipped.jpg 137,302,192,224,0 243,224,293,199,0
photo-1597149169321-5a4b0cbd440d.jpg 164,177,222,258,0
photo-1596122532177-7f1583c9401e-mirrored.jpg 363,154,282,248,0 333,239,237,372,0
photo-1592382727970-dac5d6a9a521-mirrored.jpg 232,178,171,218,0
photo-1572314997669-275cf96124fc-flipped-mirrored.jpg 302,258,112,127,0
photo-1596464750157-3965eeddc923-flipped-mirrored.jpg 232,270,105,178,0
images(2)-mirrored.jpg 356,133,236,341,0 225,140,95,335,0 327,18,189,170,0 199,30,70,172,0 416,131,330,330,0 118,131,7,326,0 315,318,174,416,0 415,3,321,145,0
photo-1474591424615-7fe467c7fac9.jpg 98,203,202,329,0 62,94,167,202,0 1,134,83,252,0 1,17,83,105,0 175,54,272,160,0 255,0,342,109,0 335,23,398,99,0 153,1,251,62,0 76,1,176,88,0 330,98,416,212,0 265,114,326,197,0 293,176,390,299,0 190,164,283,290,0 244,275,330,406,0 126,314,230,416,0 8,325,122,416,0
photo-1510924199351-4e9d94df18a6-mirrored.jpg 258,69,168,202,0 81,137,32,204,0
photo-1595578357846-21471f5f982e-flipped.jpg 177,266,259,165,0
photo-1541104659667-30c3b4f64d46-mirrored.jpg 266,190,177,286,0
photo-1516890896652-41ca1a35787c-flipped.jpg 221,400,279,333,0
photo-1518228684816-9135c15ab4ea-flipped-mirrored.jpg 160,364,94,232,0 83,364,18,228,0 311,272,263,159,0 296,350,259,285,0 259,130,203,6,0 307,145,261,25,0 354,158,312,54,0 349,265,314,173,0 393,281,356,179,0 392,171,354,70,0
photo-1533090368676-1fd25485db88-mirrored.jpg 318,1,233,121,0 174,270,125,309,0
photo-1518975775530-f4dcbbee9672-flipped-mirrored.jpg 337,330,262,272,0 142,194,104,158,0
photo-1466637574441-749b8f19452f.jpg 18,126,102,195,0 193,118,234,173,0 228,121,269,180,0 196,183,241,228,0
photo-1595320260530-f3b188507214-flipped.jpg 204,181,232,145,0
photo-1573333515743-56d57731dd1f.jpg 25,48,370,373,0
photo-1522442902874-270c4b3a04df-flipped-mirrored.jpg 226,285,188,220,0 185,180,110,59,0 309,175,230,54,0 325,269,280,198,0 364,222,321,164,0 407,170,357,98,0 49,165,8,110,0 90,219,55,167,0 144,251,99,182,0 151,295,122,247,0 115,292,93,251,0 180,260,143,200,0 250,187,195,118,0 298,169,257,121,0 129,171,99,110,0
photo-1591217270644-7e3a1bb1fd22-flipped-mirrored.jpg 244,342,128,263,0
photo-1499854413229-6d1c92ff39ef-mirrored.jpg 241,173,198,232,0
photo-1449962887303-b4a91c7c560a-mirrored.jpg 357,169,256,308,0 415,187,320,351,0 348,316,292,376,0 402,355,348,415,0
photo-1543699565-003b8adda5fc.jpg 69,117,212,245,0 242,164,382,310,0
photo-1577784726746-69b1c9d57f7c-flipped-mirrored.jpg 207,223,136,167,0 122,207,48,149,0
depositphotos_206650160-stock-illustration-colorful-set-oval-shape-objects-flipped.jpg 42,388,83,322,0 115,387,157,323,0 186,387,229,323,0 257,388,303,322,0 333,388,374,322,0 15,296,84,256,0 96,296,165,255,0 174,295,243,256,0 254,296,320,257,0 331,296,401,256,0 14,225,83,186,0 95,225,163,185,0 174,225,242,186,0 252,225,322,186,0 331,224,400,186,0 332,154,401,114,0 252,155,320,114,0 173,153,241,115,0 93,155,163,113,0 14,154,83,114,0
photo-1595452588429-b52ca8701283-mirrored.jpg 230,214,162,259,0
photo-1560443788-1fd9c30738e7-mirrored.jpg 329,44,58,398,0
photo-1595522099398-50b0f7e19e3e.jpg 160,210,267,255,0 131,93,203,167,0
photo-1548741465-8b453e363e48-flipped.jpg 216,362,335,54,0 108,322,198,97,0
photo-1573504241177-69684aba8fa2-flipped.jpg 69,260,379,46,0 0,360,83,283,0
photo-1524115415269-a63b6e8a4115.jpg 187,116,307,201,0 226,212,351,299,0 93,239,212,325,0 38,141,176,228,0 14,52,134,122,0 144,30,267,109,0 278,8,401,85,0 322,93,416,173,0
photo-1585255067978-692d8d585ea8-flipped-mirrored.jpg 369,273,255,43,0 173,271,29,13,0
photo-1581699156516-5a8744d1f3b4.jpg 22,108,101,158,0 20,8,98,50,0 163,8,238,52,0 304,4,378,53,0 308,104,384,153,0 161,106,236,156,0 171,210,246,261,0 309,205,390,257,0 314,310,393,362,0 174,310,254,363,0 31,316,103,366,0 30,213,105,261,0
photo-1594199679806-d543943615c8-flipped-mirrored.jpg 411,413,169,62,0 173,258,82,67,0 91,186,42,68,0
photo-1578126074645-2b0affa37c0c-mirrored.jpg 188,235,56,409,0
photo-1532634861-1e70d179e7bc-mirrored.jpg 406,42,207,416,0
photo-1584467735867-4297ae2ebcee-flipped.jpg 342,204,410,154,0 215,354,250,317,0 196,178,231,154,0 210,52,245,22,0
photo-1524115415269-a63b6e8a4115-flipped-mirrored.jpg 229,300,109,215,0 190,204,65,117,0 323,177,204,91,0 378,275,240,188,0 402,364,282,294,0 272,386,149,307,0 138,408,15,331,0 94,323,0,243,0
photo-1595522099053-beef5fe0b9db-flipped.jpg 80,332,339,198,0
photo-1550732307-6d6080f8b87d-flipped.jpg 171,54,210,16,0 228,56,271,18,0
photo-1597055465321-55a807c2f493.jpg 192,272,223,304,0 332,282,361,309,0
photo-1499854413229-6d1c92ff39ef-flipped-mirrored.jpg 241,243,198,184,0
photo-1593642634315-48f5414c3ad9-flipped-mirrored.jpg 360,173,292,135,0
photo-1560697043-f880bb028f1e-mirrored.jpg 302,254,247,336,0 399,336,365,374,0
photo-1569161031696-69ccae1912ef.jpg 248,147,346,277,0
photo-1581399909946-212344b3cf59-mirrored.jpg 239,265,172,379,0
photo-1595343823032-8212b01e3084-flipped.jpg 22,168,99,112,0 78,158,171,106,0 99,292,343,133,0
photo-1473447547337-5770a453122d-flipped.jpg 127,327,296,59,0
photo-1528474078150-7324b0375b1c-flipped.jpg 167,88,195,45,0
photo-1511140276483-30c1217ca449.jpg 221,198,270,236,0 191,199,226,232,0 266,205,313,242,0 314,209,363,253,0 312,251,356,288,0 260,241,309,282,0 226,234,261,266,0 188,231,223,261,0 183,261,225,283,0 312,284,352,317,0 18,47,52,80,0
photo-1580052614034-c55d20bfee3b-mirrored.jpg 274,193,72,332,0 98,132,0,262,0
photo-1588853200055-69f55237d105-mirrored.jpg 141,36,81,231,0
photo-1595343823032-8212b01e3084-mirrored.jpg 394,248,317,304,0 338,258,245,310,0 317,124,73,283,0
photo-1564540583246-934409427776.jpg 77,86,150,256,0 267,85,342,250,0
photo-1577464883789-af333f31e146-flipped.jpg 115,228,323,92,0
photo-1529566533972-fe622409cc14-flipped.jpg 145,216,268,57,0
photo-1483412468200-72182dbbc544.jpg 54,190,185,352,0 224,184,366,348,0
photo-1593958446507-b351ce927f13-flipped-mirrored.jpg 164,330,66,263,0
photo-1595435742656-5272d0b3fa82-flipped-mirrored.jpg 272,306,191,234,0 277,184,211,129,0
photo-1542299278-a78464851ddc-flipped.jpg 185,281,291,180,0
photo-1573556525222-787b89c9b3a2-mirrored.jpg 386,172,240,394,0 170,183,28,394,0
photo-1546548970-71785318a17b.jpg 85,35,263,148,0 271,82,361,141,0 193,133,365,250,0 86,147,174,209,0 1,108,93,176,0 90,208,218,292,0 37,272,118,336,0 25,340,151,416,0 137,287,332,413,0 304,241,416,325,0
photo-1497040059851-bd928f851c43-flipped-mirrored.jpg 254,236,154,181,0
photo-1597084452847-718eb97cdd3a-mirrored.jpg 298,158,262,183,0 236,154,198,186,0 171,157,142,180,0
photo-1580297083905-7aa003d91b84-flipped-mirrored.jpg 390,168,111,50,0
photo-1540396873474-211c005ee4a3-flipped.jpg 241,251,297,95,0 301,238,388,94,0 149,204,259,0,0
photo-1545304110-0b149ce44157-flipped-mirrored.jpg 348,305,61,126,0
photo-1581092916357-5896ebc48073.jpg 353,30,379,70,0
photo-1556922404-e13d9ff95de8.jpg 133,184,276,277,0
photo-1581699156516-5a8744d1f3b4-flipped-mirrored.jpg 394,308,315,258,0 396,408,318,366,0 253,408,178,364,0 112,412,38,363,0 108,312,32,263,0 255,310,180,260,0 245,206,170,155,0 107,211,26,159,0 102,106,23,54,0 242,106,162,53,0 385,100,313,50,0 386,203,311,155,0
photo-1553523292-1140e57d4f87-mirrored.jpg 415,39,360,159,0 359,45,285,166,0 281,50,207,164,0 204,56,129,172,0 116,63,47,183,0 415,153,358,265,0 351,154,273,274,0 272,154,195,273,0 194,162,120,288,0 123,167,57,294,0 49,176,0,291,0 415,260,347,392,0 350,269,265,412,0 264,275,173,416,0 175,284,92,408,0 88,275,12,394,0
photo-1597082037063-d1001210a76f.jpg 82,164,183,326,0 241,155,342,314,0
photo-1580421110608-c36ef5353919.jpg 139,200,203,235,0 224,258,338,303,0 314,228,416,276,0
photo-1594321776215-056164cdc889-flipped-mirrored.jpg 243,295,116,201,0 214,169,58,58,0
photo-1471899236350-e3016bf1e69e-mirrored.jpg 179,94,100,184,0
photo-1509091827640-3ecae001c5bf-flipped-mirrored.jpg 247,231,168,117,0
photo-1533404430309-762b1e4df052-flipped-mirrored.jpg 370,376,326,322,0 311,375,267,321,0 253,374,210,322,0 195,375,151,321,0 135,375,94,320,0 78,372,35,320,0 83,301,40,243,0 136,299,96,247,0 195,302,150,247,0 251,301,211,249,0 308,301,266,249,0 362,301,325,251,0 367,229,325,177,0 308,226,269,175,0 366,155,324,100,0 308,155,268,100,0 251,154,212,102,0 194,153,155,102,0 138,154,96,100,0 82,154,41,99,0 82,224,42,175,0 139,227,100,175,0 194,227,155,177,0 252,227,211,177,0
photo-1596273312170-6f83de8755f1-mirrored.jpg 387,179,45,336,0 344,59,41,153,0
photo-1592382727970-dac5d6a9a521-flipped.jpg 184,238,245,198,0
photo-1595255669512-144851438b8b-flipped-mirrored.jpg 194,251,77,173,0 257,416,178,367,0 89,328,8,278,0 338,354,270,323,0 411,284,314,220,0 333,153,285,117,0 310,78,220,7,0
photo-1546630392-db5b1f04874a-mirrored.jpg 415,225,314,287,0 252,304,164,387,0 183,292,111,336,0 125,244,61,294,0 223,218,110,290,0 139,175,53,231,0 230,157,136,219,0 138,124,66,181,0 252,105,167,159,0 321,70,244,125,0 370,116,226,228,0
photo-1521390599342-7325078dfebc.jpg 27,96,101,157,0 145,37,211,97,0 185,118,262,172,0 345,174,394,216,0 301,249,351,286,0 154,234,205,283,0 214,274,262,315,0 125,326,178,369,0 57,218,103,257,0 126,175,165,207,0
photo-1533090368676-1fd25485db88-flipped.jpg 98,415,183,295,0 242,146,291,107,0
photo-1597250540935-94ebdd0f045e-flipped.jpg 165,310,281,242,0
photo-1548741465-8b453e363e48.jpg 216,54,335,362,0 108,94,198,319,0
photo-1509475826633-fed577a2c71b-mirrored.jpg 265,148,203,243,0 179,177,115,271,0
photo-1589381383961-4388391972a3-flipped-mirrored.jpg 279,332,12,141,0
photo-1497618891100-ac2f06bef939-flipped.jpg 105,264,190,135,0 254,260,350,127,0
photo-1589381383961-4388391972a3-mirrored.jpg 279,84,12,275,0
photo-1592500442204-44e164b65455-mirrored.jpg 342,55,158,332,0
photo-1597084759111-0abc5d8942a7-flipped.jpg 62,260,138,192,0
photo-1567421077516-8eca92252f06-flipped.jpg 109,218,295,127,0 34,320,170,272,0 331,370,415,328,0 215,331,320,296,0
photo-1498354178607-a79df2916198.jpg 27,178,248,321,0
photo-1585255067978-692d8d585ea8-flipped.jpg 47,273,161,43,0 243,271,387,13,0
photo-1571847140471-1d7766e825ea.jpg 190,340,260,396,0 321,89,399,144,0
photo-1533404430309-762b1e4df052-mirrored.jpg 370,40,326,94,0 311,41,267,95,0 253,42,210,94,0 195,41,151,95,0 135,41,94,96,0 78,44,35,96,0 83,115,40,173,0 136,117,96,169,0 195,114,150,169,0 251,115,211,167,0 308,115,266,167,0 362,115,325,165,0 367,187,325,239,0 308,190,269,241,0 366,261,324,316,0 308,261,268,316,0 251,262,212,314,0 194,263,155,314,0 138,262,96,316,0 82,262,41,317,0 82,192,42,241,0 139,189,100,241,0 194,189,155,239,0 252,189,211,239,0
photo-1596122532177-7f1583c9401e-flipped.jpg 53,262,134,168,0 83,177,179,44,0
photo-1585557145382-90fc1d06a204-flipped.jpg 37,314,96,226,0 86,413,141,346,0 164,399,221,330,0 231,408,291,338,0 354,413,416,349,0 306,308,356,224,0 222,231,277,141,0 272,119,319,42,0 358,187,411,102,0 171,122,229,22,0 75,160,132,80,0 154,284,209,196,0 0,124,44,29,0 10,234,46,187,0
photo-1596803412312-56ecbaf7a22f.jpg 60,144,359,176,0 122,193,294,210,0
photo-1581092916357-5896ebc48073-mirrored.jpg 63,30,37,70,0
photo-1597076508462-1ed57c8a6aea-flipped.jpg 176,243,209,194,0 206,254,245,198,0
photo-1488233881634-a13aba0338ba-mirrored.jpg 278,29,74,325,0
photo-1593958446507-b351ce927f13.jpg 252,86,350,153,0
photo-1589381383961-4388391972a3.jpg 137,84,404,275,0
photo-1575026790968-a60e29365048.jpg 153,148,273,243,0
photo-1595446757331-795d866924a9-mirrored.jpg 245,131,215,173,0 124,64,78,121,0
photo-1597284902002-b6100a7a60a5.jpg 137,114,192,192,0 243,192,293,217,0
photo-1597131527856-13cdb8dc050e.jpg 238,310,261,349,0 312,333,335,368,0 131,23,153,69,0 117,36,128,61,0
photo-1585557145382-90fc1d06a204-flipped-mirrored.jpg 379,314,320,226,0 330,413,275,346,0 252,399,195,330,0 185,408,125,338,0 62,413,0,349,0 110,308,60,224,0 194,231,139,141,0 144,119,97,42,0 58,187,5,102,0 245,122,187,22,0 341,160,284,80,0 262,284,207,196,0 416,124,372,29,0 406,234,370,187,0
photo-1593642634315-48f5414c3ad9.jpg 56,243,124,281,0
photo-1509440159596-0249088772ff-flipped.jpg 30,395,197,159,0 143,297,365,27,0 199,414,352,283,0
photo-1577464883789-af333f31e146-flipped-mirrored.jpg 301,228,93,92,0
photo-1597313459672-7169bdc794b8-flipped-mirrored.jpg 344,182,300,140,0 148,198,106,149,0
photo-1582649806185-9139f75cbc08-mirrored.jpg 223,168,174,228,0 230,241,194,291,0
photo-1495147466023-ac5c588e2e94-flipped-mirrored.jpg 383,372,299,317,0 296,371,204,315,0 201,371,118,311,0 112,370,27,309,0 120,307,30,249,0 131,247,33,190,0 112,183,28,128,0 114,122,24,61,0 208,123,119,67,0 211,182,119,125,0 303,241,211,184,0 301,181,214,125,0 299,119,211,63,0 396,187,303,126,0 395,247,308,188,0 383,311,290,247,0 396,121,300,60,0
noname-mirrored.png 389,50,332,105,0 250,49,168,105,0 255,201,162,261,0 383,203,341,262,0 385,311,337,369,0 251,305,162,364,0 91,299,19,364,0 89,199,20,261,0 89,46,15,106,0
photo-1593318560857-6cb2d0ed5c6e.jpg 150,136,291,352,0
photo-1532634861-1e70d179e7bc.jpg 10,42,209,416,0
photo-1533563505784-67329816bc05-flipped-mirrored.jpg 333,380,96,37,0
photo-1588850031589-50cfaf62e60f-flipped-mirrored.jpg 409,320,207,203,0 214,310,21,217,0 310,414,106,302,0
photo-1547473341-7602ffc0ae43-flipped-mirrored.jpg 315,181,245,133,0
gettyimages-183802843-612x612-flipped.jpg 43,354,177,60,0 238,352,371,59,0
photo-1483375801503-374c5f660610-flipped-mirrored.jpg 268,118,251,99,0 182,120,160,96,0
photo-1595285203724-56bbd5d4ddd3-flipped-mirrored.jpg 344,295,308,260,0 303,305,262,264,0
photo-1483375801503-374c5f660610-mirrored.jpg 268,298,251,317,0 182,296,160,320,0
photo-1459552431286-ab62f22b5121-mirrored.jpg 416,130,332,265,0 380,29,319,132,0 330,66,233,195,0 321,1,259,63,0 248,1,167,118,0 165,1,89,107,0 95,1,34,52,0 127,88,37,217,0 194,111,133,207,0 270,175,169,324,0 165,208,88,320,0 84,209,13,318,0 156,322,68,416,0 234,322,159,416,0 317,287,245,394,0 334,192,271,286,0 391,255,317,361,0 365,366,304,416,0
photo-1597244359542-b375d7453e2c-mirrored.jpg 224,109,188,152,0
photo-1553440569-bcc63803a83d-mirrored.jpg 188,266,155,325,0 73,251,45,310,0
photo-1495147466023-ac5c588e2e94-flipped.jpg 33,372,117,317,0 120,371,212,315,0 215,371,298,311,0 304,370,389,309,0 296,307,386,249,0 285,247,383,190,0 304,183,388,128,0 302,122,392,61,0 208,123,297,67,0 205,182,297,125,0 113,241,205,184,0 115,181,202,125,0 117,119,205,63,0 20,187,113,126,0 21,247,108,188,0 33,311,126,247,0 20,121,116,60,0
photo-1497040059851-bd928f851c43.jpg 162,180,262,235,0
photo-1543699565-003b8adda5fc-mirrored.jpg 347,117,204,245,0 174,164,34,310,0
photo-1529800762245-2edb94c697f4-flipped.jpg 122,240,237,181,0 99,372,247,284,0 132,161,235,96,0 88,140,182,63,0 203,136,303,68,0 241,183,328,123,0
photo-1573333515743-56d57731dd1f-mirrored.jpg 391,48,46,373,0
photo-1515974256630-babc85765b1d-flipped-mirrored.jpg 265,291,156,126,0
photo-1578126074645-2b0affa37c0c-flipped.jpg 228,181,360,7,0
photo-1595255669512-144851438b8b.jpg 222,165,339,243,0 159,0,238,49,0 327,88,408,138,0 78,62,146,93,0 5,132,102,196,0 83,263,131,299,0 106,338,196,409,0
photo-1469533778471-92a68acc3633-flipped-mirrored.jpg 206,276,166,221,0 169,288,125,246,0 315,337,237,282,0 149,347,74,288,0 90,382,23,333,0
im.jpg 100,127,310,301,0
photo-1556922404-e13d9ff95de8-flipped.jpg 133,232,276,139,0
photo-1597090442229-c506cfdafb69-mirrored.jpg 217,183,149,244,0 331,213,269,310,0
photo-1516890896652-41ca1a35787c-mirrored.jpg 195,16,137,83,0
photo-1563696991568-837fa580c9c7-flipped-mirrored.jpg 307,297,246,210,0 178,188,116,102,0 347,82,284,0,0 135,398,81,317,0 38,83,0,1,0 416,405,385,323,0
photo-1496644256288-2bb0a65f32f6-flipped.jpg 117,239,188,152,0
photo-1596972595738-8e0a62e82f25.jpg 193,195,223,226,0
photo-1486611367184-17759508999c-flipped-mirrored.jpg 259,346,210,291,0 185,350,139,285,0
photo-1560443788-1fd9c30738e7-flipped.jpg 87,372,358,18,0
photo-1524678714210-9917a6c619c2-flipped-mirrored.jpg 237,252,184,168,0
photo-1594009272198-52d7e15bfeec.jpg 158,164,246,260,0
photo-1528474078150-7324b0375b1c-mirrored.jpg 249,328,221,371,0
photo-1533563180007-9f3f0af01970-mirrored.jpg 222,221,128,370,0
photo-1497495864675-9444f4483ec9.jpg 171,41,246,186,0 44,235,131,369,0
photo-1549045105-bb8e7539a736-mirrored.jpg 96,43,44,105,0
hot-air-balloon-1149183_1280-flipped-mirrored.jpg 230,249,182,175,0
photo-1596273312170-6f83de8755f1-flipped-mirrored.jpg 387,237,45,80,0 344,357,41,263,0
photo-1548741465-8b453e363e48-flipped-mirrored.jpg 200,362,81,54,0 308,322,218,97,0
photo-1588940473740-5b5df7657f44-flipped.jpg 66,333,353,121,0
photo-1524499982521-1ffd58dd89ea-flipped-mirrored.jpg 369,247,256,166,0 182,240,88,170,0
photo-1528945522327-7032b0774637-flipped.jpg 80,223,151,182,0 152,214,230,171,0 225,211,306,169,0 165,251,231,210,0 234,245,317,209,0 223,276,300,241,0
photo-1594380456495-00b3856fed22-mirrored.jpg 326,127,266,225,0 279,160,222,261,0 191,199,139,280,0 252,291,206,354,0
photo-1595522099398-50b0f7e19e3e-flipped.jpg 160,206,267,161,0 131,323,203,249,0
photo-1508858627235-801debd2be27.jpg 214,117,272,162,0 49,248,104,305,0 222,343,287,402,0 306,283,361,335,0
photo-1596122532177-7f1583c9401e.jpg 53,154,134,248,0 83,239,179,372,0
photo-1580052614034-c55d20bfee3b-flipped-mirrored.jpg 274,223,72,84,0 98,284,0,154,0
photo-1527786356703-4b100091cd2c.jpg 170,326,212,388,0 287,320,322,369,0
photo-1528474078150-7324b0375b1c-flipped-mirrored.jpg 249,88,221,45,0
photo-1536330011639-86c5ef5a1045-flipped.jpg 205,190,269,83,0 124,247,168,186,0 47,250,112,182,0
photo-1527786356703-4b100091cd2c-mirrored.jpg 246,326,204,388,0 129,320,94,369,0
photo-1521295121783-8a321d551ad2-flipped.jpg 170,388,387,41,0
photo-1511367734837-f2956f0d8020-mirrored.jpg 167,4,89,114,0
photo-1595435742656-5272d0b3fa82-flipped.jpg 144,306,225,234,0 139,184,205,129,0
photo-1551893134-0501d8ad612e-mirrored.jpg 313,115,214,280,0 179,105,78,277,0 367,290,252,416,0 415,93,341,265,0 394,0,275,114,0 85,1,0,95,0 104,287,0,416,0
photo-1518975775530-f4dcbbee9672-mirrored.jpg 337,86,262,144,0 142,222,104,258,0
photo-1570498839593-e565b39455fc-flipped-mirrored.jpg 195,233,124,182,0
photo-1542556399-bc50d87551f9-flipped.jpg 11,299,165,200,0 149,254,313,144,0 234,373,368,287,0
photo-1519018094032-dd9fb177778e-flipped.jpg 164,285,210,256,0 231,292,275,261,0
photo-1541913299-273fd84d10c4-flipped-mirrored.jpg 249,290,162,136,0
photo-1485770958101-9dd7e4ea6d93-flipped-mirrored.jpg 222,190,193,144,0
photo-1597131527856-13cdb8dc050e-flipped.jpg 238,106,261,67,0 312,83,335,48,0 131,393,153,347,0 117,380,128,355,0
photo-1595522099053-beef5fe0b9db-flipped-mirrored.jpg 336,332,77,198,0
photo-1593377201811-4516986cbe41-flipped.jpg 137,298,177,270,0 195,296,232,268,0 343,166,416,113,0
photo-1594300829539-e9fb3de1accb-mirrored.jpg 245,249,170,302,0
photo-1548741465-8b453e363e48-mirrored.jpg 200,54,81,362,0 308,94,218,319,0
photo-1542222024-c39e2281f121-mirrored.jpg 240,121,73,306,0 414,108,321,268,0 191,42,57,160,0 393,32,187,233,0
photo-1595506071724-2f46fa0f65e6.jpg 61,37,361,385,0
photo-1597082037063-d1001210a76f-mirrored.jpg 334,164,233,326,0 175,155,74,314,0
photo-1596464750157-3965eeddc923-flipped.jpg 184,270,311,178,0
photo-1597284902002-b6100a7a60a5-flipped-mirrored.jpg 279,302,224,224,0 173,224,123,199,0
photo-1577218546063-5e53e820851e-flipped.jpg 209,68,277,18,0 283,84,360,28,0
photo-1595522494414-4f39d6f74564.jpg 134,172,287,223,0
photo-1573504241177-69684aba8fa2-flipped-mirrored.jpg 347,260,37,46,0 416,360,333,283,0
photo-1594009272198-52d7e15bfeec-flipped.jpg 158,252,246,156,0
photo-1552519507-da3b142c6e3d-flipped-mirrored.jpg 221,184,181,92,0 99,212,80,143,0
photo-1596972595738-8e0a62e82f25-mirrored.jpg 223,195,193,226,0
photo-1595285203724-56bbd5d4ddd3-mirrored.jpg 344,121,308,156,0 303,111,262,152,0
gettyimages-183802843-612x612-flipped-mirrored.jpg 373,354,239,60,0 178,352,45,59,0
photo-1595417384782-91d12f3584df.jpg 179,168,239,242,0
photo-1587040690309-259114f43648.jpg 44,104,223,175,0 168,255,267,307,0
photo-1548184349-ea4c498c600d-mirrored.jpg 208,152,82,321,0
photo-1582649806185-9139f75cbc08-flipped-mirrored.jpg 223,248,174,188,0 230,175,194,125,0
images-mirrored.jpg 382,24,302,79,0 271,16,150,81,0 119,20,33,77,0 122,98,31,182,0 119,212,32,275,0 115,290,34,362,0 262,293,152,362,0 260,205,155,273,0 267,111,146,179,0 385,109,299,182,0 383,202,301,274,0 384,293,301,354,0
photo-1595385370777-7d6add094d55-flipped-mirrored.jpg 256,298,206,228,0 187,199,123,107,0 353,101,281,0,0 415,287,386,219,0 135,393,93,342,0 41,366,11,311,0 58,214,1,126,0 271,160,229,96,0
photo-1571075180369-888125e0bc84.jpg 23,138,169,368,0 249,136,391,363,0
photo-1560609609-65307d250e77-mirrored.jpg 338,309,283,351,0 98,309,50,351,0
photo-1580687833952-959fdf06f2af-mirrored.jpg 372,54,234,141,0 194,52,57,140,0 186,169,56,261,0 182,283,56,371,0 364,170,232,257,0 359,282,227,375,0
photo-1595257841922-549721b1c49d-mirrored.jpg 333,240,238,301,0
photo-1583305727488-61f82c7eae4b-mirrored.jpg 329,195,188,307,0
photo-1527786356703-4b100091cd2c-flipped.jpg 170,90,212,28,0 287,96,322,47,0
photo-1496989981497-27d69cdad83e-flipped.jpg 128,299,294,111,0
photo-1554345788-bb4dd42878c1-mirrored.jpg 303,166,109,325,0
photo-1594321776215-056164cdc889-mirrored.jpg 243,121,116,215,0 214,247,58,358,0
photo-1517488948216-e473cee81e23-flipped.jpg 35,385,387,57,0
photo-1559181567-c3190ca9959b-flipped-mirrored.jpg 295,177,211,107,0 200,180,107,106,0
photo-1593958446507-b351ce927f13-mirrored.jpg 164,86,66,153,0
photo-1521499892833-773a6c6fd0b8.jpg 166,157,221,225,0
photo-1592691282855-eb48cd2b91ed-mirrored.jpg 204,115,38,365,0
photo-1578762560042-46ad127c95ea-flipped.jpg 109,259,165,181,0 237,370,368,192,0
photo-1592691282855-eb48cd2b91ed.jpg 212,115,378,365,0
photo-1595514534892-a1ce92ee8677-flipped.jpg 178,362,286,229,0
photo-1584627404349-0bb529b998b7-flipped-mirrored.jpg 399,73,382,39,0 320,69,288,30,0 156,333,138,310,0 123,337,102,312,0
photo-1582793988951-9aed5509eb97-flipped-mirrored.jpg 158,377,25,182,0
photo-1509440159596-0249088772ff.jpg 30,21,197,257,0 143,119,365,389,0 199,2,352,133,0
photo-1572314997669-275cf96124fc.jpg 114,158,304,289,0
photo-1543699565-003b8adda5fc-flipped-mirrored.jpg 347,299,204,171,0 174,252,34,106,0
photo-1550565118-3a14e8d0386f-flipped.jpg 108,259,280,167,0
photo-1589118949245-7d38baf380d6-flipped.jpg 91,282,160,118,0 199,272,312,67,0
photo-1511140276483-30c1217ca449-mirrored.jpg 195,198,146,236,0 225,199,190,232,0 150,205,103,242,0 102,209,53,253,0 104,251,60,288,0 156,241,107,282,0 190,234,155,266,0 228,231,193,261,0 233,261,191,283,0 104,284,64,317,0 398,47,364,80,0
istockphoto-1049537800-1024x1024-flipped-mirrored.jpg 377,386,332,317,0 304,385,256,317,0 231,382,188,317,0 162,386,110,320,0 85,389,40,314,0 86,292,18,246,0 86,214,18,170,0 84,138,14,91,0 165,142,96,94,0 161,213,96,171,0 166,292,101,250,0 245,288,174,246,0 322,290,255,249,0 401,284,330,243,0 399,214,330,171,0 324,211,255,173,0 242,215,174,171,0 243,141,174,98,0 325,143,255,97,0 404,139,331,92,0
photo-1582996799723-99369458c176-flipped-mirrored.jpg 174,253,52,103,0
photo-1597149169321-5a4b0cbd440d-mirrored.jpg 252,177,194,258,0
photo-1596464750157-3965eeddc923.jpg 184,146,311,238,0
photo-1594300829539-e9fb3de1accb.jpg 171,249,246,302,0
photo-1597287485537-da1b36a625cb-flipped.jpg 163,269,246,155,0
photo-1597080387512-7e43dc8883b1-flipped-mirrored.jpg 359,211,287,162,0 340,158,271,122,0 408,148,349,106,0 96,169,16,114,0 107,108,31,56,0 59,70,0,9,0 161,333,54,262,0
photo-1595320260530-f3b188507214-flipped-mirrored.jpg 212,181,184,145,0
photo-1579379217717-56deff56d802.jpg 102,218,301,355,0 130,73,323,205,0
photo-1591168866647-f463dbd563ae.jpg 214,261,272,379,0 313,295,335,332,0
photo-1585770900605-fdd4161f9469-mirrored.jpg 322,151,270,218,0 276,189,225,252,0 221,54,175,131,0 263,26,216,97,0 375,275,322,355,0 327,317,278,394,0
photo-1532634861-1e70d179e7bc-flipped.jpg 10,374,209,0,0
photo-1521499892833-773a6c6fd0b8-flipped-mirrored.jpg 250,259,195,191,0
photo-1596437015375-58bc092b07b4.jpg 146,141,299,333,0
photo-1560609609-65307d250e77-flipped-mirrored.jpg 338,107,283,65,0 98,107,50,65,0
photo-1532767153582-b1a0e5145009-flipped.jpg 169,325,242,277,0
photo-1513849227832-b9786632d98e-flipped.jpg 116,272,242,189,0 291,405,416,319,0 225,149,358,78,0 1,143,81,74,0
photo-1519018094032-dd9fb177778e-flipped-mirrored.jpg 252,285,206,256,0 185,292,141,261,0
photo-1508858627235-801debd2be27-mirrored.jpg 202,117,144,162,0 367,248,312,305,0 194,343,129,402,0 110,283,55,335,0
photo-1554078140-01f553ad4d40-mirrored.jpg 199,3,138,54,0 55,79,35,92,0
photo-1515470795860-432fb0098a39(1).jpg 85,81,164,133,0 167,82,241,138,0 150,64,206,97,0 138,130,187,184,0 170,147,232,196,0 226,151,275,203,0 97,200,166,255,0 66,235,140,288,0 125,286,184,322,0 140,239,221,294,0 176,197,243,251,0 258,200,333,250,0 233,232,306,283,0 185,286,264,341,0 262,265,335,317,0 319,292,394,339,0 280,328,342,366,0
photo-1551807305-baa15a10803f-flipped.jpg 95,363,307,47,0
photo-1554078140-01f553ad4d40-flipped.jpg 217,413,278,362,0 361,337,381,324,0
photo-1477064996809-dae46985eee7-mirrored.jpg 285,10,19,193,0
photo-1597157595247-461b85ec33b9-flipped-mirrored.jpg 163,291,78,160,0
photo-1597089223257-cbb9fdcfbbb3-flipped.jpg 233,388,375,152,0
photo-1595578357846-21471f5f982e-mirrored.jpg 239,150,157,251,0
photo-1597149169321-5a4b0cbd440d-flipped-mirrored.jpg 252,239,194,158,0
photo-1513849227832-b9786632d98e-flipped-mirrored.jpg 300,272,174,189,0 125,405,0,319,0 191,149,58,78,0 415,143,335,74,0
photo-1595446757331-795d866924a9.jpg 171,131,201,173,0 292,64,338,121,0
original-3913984-1-mirrored.jpg 377,25,305,134,0 244,59,155,186,0 120,29,47,134,0 170,149,33,247,0 191,256,31,358,0 320,127,245,222,0 297,227,216,350,0 380,226,303,360,0
original-3913984-1.jpg 39,25,111,134,0 172,59,261,186,0 296,29,369,134,0 246,149,383,247,0 225,256,385,358,0 96,127,171,222,0 119,227,200,350,0 36,226,113,360,0
photo-1594380456495-00b3856fed22-flipped.jpg 90,289,150,191,0 137,256,194,155,0 225,217,277,136,0 164,125,210,62,0
photo-1597303214120-b4e3df4830af-mirrored.jpg 348,74,61,345,0
photo-1596972595738-8e0a62e82f25-flipped-mirrored.jpg 223,221,193,190,0
photo-1542556399-bc50d87551f9-mirrored.jpg 405,117,251,216,0 267,162,103,272,0 182,43,48,129,0
photo-1533563505784-67329816bc05-flipped.jpg 83,380,320,37,0
photo-1595531095975-6d8c48bea6b1-flipped.jpg 133,274,304,139,0
photo-1596803412312-56ecbaf7a22f-mirrored.jpg 356,144,57,176,0 294,193,122,210,0
photo-1597225260787-3912b312d065.jpg 1,213,236,319,0
photo-1581067126178-7df937c6d4b4.jpg 196,95,286,181,0 122,170,224,258,0 261,186,341,262,0
photo-1516824467205-afa656d31a79-mirrored.jpg 298,140,256,196,0 255,138,214,195,0 214,141,179,195,0
photo-1509216701163-b79cd826e0a6-flipped-mirrored.jpg 283,241,115,14,0
photo-1515864335-3bafcca4d9f5.jpg 93,14,186,84,0 296,91,390,158,0 274,151,342,200,0 202,205,397,351,0
photo-1559181567-c3190ca9959b.jpg 121,239,205,309,0 216,236,309,310,0
photo-1530458738063-22ed42fa27c9.jpg 176,131,257,281,0
photo-1587590227264-0ac64ce63ce8-flipped.jpg 131,312,297,73,0
photo-1516890896652-41ca1a35787c-flipped-mirrored.jpg 195,400,137,333,0
photo-1524678714210-9917a6c619c2.jpg 179,164,232,248,0
photo-1477064996809-dae46985eee7-flipped-mirrored.jpg 285,406,19,223,0
photo-1583777620797-5e0a34794f74-mirrored.jpg 342,9,58,283,0
photo-1521499892833-773a6c6fd0b8-mirrored.jpg 250,157,195,225,0
photo-1595306049322-197897add10b-mirrored.jpg 339,275,278,394,0 182,274,107,378,0
photo-1597137257188-5916d281a9e0-flipped-mirrored.jpg 96,234,41,190,0
photo-1486611367184-17759508999c-flipped.jpg 157,346,206,291,0 231,350,277,285,0
photo-1580051235428-f88ae8a2d53b-flipped-mirrored.jpg 327,310,97,126,0
photo-1470472304068-4398a9daab00.jpg 177,166,238,247,0
photo-1518291344630-4857135fb581-flipped-mirrored.jpg 380,353,265,182,0
photo-1597131527856-13cdb8dc050e-mirrored.jpg 178,310,155,349,0 104,333,81,368,0 285,23,263,69,0 299,36,288,61,0
clp2474458-flipped.jpg 23,339,91,293,0 104,338,176,291,0 241,337,310,291,0 326,338,394,293,0 242,234,310,189,0 326,235,395,189,0 105,233,174,188,0 19,233,91,185,0 19,123,90,76,0 104,125,174,74,0 244,124,312,76,0 326,123,395,77,0
clp2474458-flipped-mirrored.jpg 393,339,325,293,0 312,338,240,291,0 175,337,106,291,0 90,338,22,293,0 174,234,106,189,0 90,235,21,189,0 311,233,242,188,0 397,233,325,185,0 397,123,326,76,0 312,125,242,74,0 172,124,104,76,0 90,123,21,77,0
photo-1595456040477-fabe3bb71455-flipped.jpg 196,248,239,162,0 223,288,278,227,0 242,235,301,152,0
photo-1596650735302-e4bca2dfa2fe-flipped-mirrored.jpg 123,317,92,268,0
photo-1597225260787-3912b312d065-flipped.jpg 1,203,236,97,0
photo-1597244359542-b375d7453e2c-flipped-mirrored.jpg 224,307,188,264,0
photo-1496644256288-2bb0a65f32f6.jpg 117,177,188,264,0
photo-1520697830682-bbb6e85e2b0b.jpg 103,65,293,338,0
photo-1459257831348-f0cdd359235f.jpg 227,156,340,356,0
photo-1596972595738-8e0a62e82f25-flipped.jpg 193,221,223,190,0
photo-1459552431286-ab62f22b5121-flipped-mirrored.jpg 416,286,332,151,0 380,387,319,284,0 330,350,233,221,0 321,415,259,353,0 248,415,167,298,0 165,415,89,309,0 95,415,34,364,0 127,328,37,199,0 194,305,133,209,0 270,241,169,92,0 165,208,88,96,0 84,207,13,98,0 156,94,68,0,0 234,94,159,0,0 317,129,245,22,0 334,224,271,130,0 391,161,317,55,0 365,50,304,0,0
photo-1515542706656-8e6ef17a1521-flipped.jpg 273,347,335,246,0 143,150,171,118,0
photo-1592691582915-966f31aa43bc-mirrored.jpg 284,59,131,337,0
photo-1596806274852-0ec8d8f4dcec-flipped-mirrored.jpg 305,407,175,208,0 263,233,95,21,0 165,405,18,188,0
photo-1583777620797-5e0a34794f74.jpg 74,9,358,283,0
photo-1597244359542-b375d7453e2c.jpg 192,109,228,152,0
photo-1572976993240-ee51181680be-flipped.jpg 171,220,237,197,0
photo-1512851685250-bfa0aa982a1c-mirrored.jpg 260,112,159,304,0 60,14,8,106,0 99,88,49,177,0 99,240,44,336,0 56,309,4,400,0 407,312,356,408,0 368,238,314,332,0 372,82,313,176,0 412,12,351,110,0 396,182,366,235,0 307,185,273,234,0 284,112,253,164,0 164,109,130,165,0 139,185,110,235,0 160,257,134,305,0 219,355,192,403,0 222,13,193,66,0 48,186,18,238,0
photo-1546548970-71785318a17b-flipped-mirrored.jpg 331,381,153,268,0 145,334,55,275,0 223,283,51,166,0 330,269,242,207,0 415,308,323,240,0 326,208,198,124,0 379,144,298,80,0 391,76,265,0,0 279,129,84,3,0 112,175,0,91,0
photo-1521904764098-e4e0a87e3ce0.jpg 101,128,308,293,0
photo-1595255676545-7c1be5a3b809.jpg 281,326,329,362,0 162,296,223,339,0 12,269,70,309,0
photo-1508670102968-a8961dab9fc6-flipped.jpg 27,369,120,279,0
photo-1569161031696-69ccae1912ef-flipped-mirrored.jpg 168,269,70,139,0
photo-1597246098979-af2018aec69f-flipped.jpg 176,86,197,54,0 72,72,104,29,0
photo-1509705287452-eeb506ac8b23-flipped-mirrored.jpg 233,341,140,221,0 290,194,173,39,0
photo-1536330011639-86c5ef5a1045.jpg 205,226,269,333,0 124,169,168,230,0 47,166,112,234,0
noname.png 27,50,84,105,0 166,49,248,105,0 161,201,254,261,0 33,203,75,262,0 31,311,79,369,0 165,305,254,364,0 325,299,397,364,0 327,199,396,261,0 327,46,401,106,0
photo-1515470795860-432fb0098a39(1)-flipped.jpg 85,335,164,283,0 167,334,241,278,0 150,352,206,319,0 138,286,187,232,0 170,269,232,220,0 226,265,275,213,0 97,216,166,161,0 66,181,140,128,0 125,130,184,94,0 140,177,221,122,0 176,219,243,165,0 258,216,333,166,0 233,184,306,133,0 185,130,264,75,0 262,151,335,99,0 319,124,394,77,0 280,88,342,50,0
photo-1567976373587-10cd4f2b1e58.jpg 161,57,274,145,0 309,93,405,177,0 315,188,416,275,0 171,167,276,255,0 162,273,284,366,0 319,299,415,383,0 14,356,134,416,0 12,242,124,329,0 13,129,130,228,0 10,28,126,118,0
photo-1559740983-b9c5ffbac1ff.jpg 17,255,131,332,0
photo-1595522494414-4f39d6f74564-flipped.jpg 134,244,287,193,0
photo-1510877073473-6d4545e9c2af-flipped.jpg 159,216,364,142,0
photo-1596463097767-79a39851a776-flipped.jpg 70,158,101,119,0 180,146,221,103,0 242,151,264,120,0
photo-1597246098979-af2018aec69f.jpg 176,330,197,362,0 72,344,104,387,0
photo-1562347810-18a0d370ba36-flipped.jpg 57,294,76,270,0 111,409,129,383,0 105,259,130,230,0 132,278,159,246,0 81,96,98,74,0 246,210,332,83,0 344,195,416,77,0 310,98,385,0,0
photo-1521499892833-773a6c6fd0b8-flipped.jpg 166,259,221,191,0
photo-1458819714733-e5ab3d536722-mirrored.jpg 266,188,115,288,0
photo-1594300829539-e9fb3de1accb-flipped.jpg 171,167,246,114,0
photo-1533090481720-856c6e3c1fdc-flipped-mirrored.jpg 383,269,23,198,0
photo-1584627404349-0bb529b998b7.jpg 17,343,34,377,0 96,347,128,386,0 260,83,278,106,0 293,79,314,104,0
photo-1595452588429-b52ca8701283-flipped-mirrored.jpg 230,202,162,157,0
photo-1517314177776-808e4635e276-flipped-mirrored.jpg 204,260,122,132,0
photo-1580051235428-f88ae8a2d53b.jpg 89,106,319,290,0
photo-1514285490982-4130e9aefedb-flipped.jpg 82,291,335,125,0
photo-1524678714210-9917a6c619c2-mirrored.jpg 237,164,184,248,0
photo-1551893134-0501d8ad612e.jpg 103,115,202,280,0 237,105,338,277,0 49,290,164,416,0 1,93,75,265,0 22,0,141,114,0 331,1,416,95,0 312,287,416,416,0
photo-1582996799723-99369458c176-flipped.jpg 242,253,364,103,0
photo-1549216963-72c1712c1196-mirrored.jpg 356,209,242,385,0 185,208,76,387,0 250,299,216,341,0
photo-1596199050105-6d5d32222916-flipped.jpg 65,255,197,170,0 124,166,243,84,0 243,179,364,102,0 202,292,277,239,0 81,314,211,242,0 85,359,182,299,0 215,326,336,245,0
photo-1595285203724-56bbd5d4ddd3-flipped.jpg 72,295,108,260,0 113,305,154,264,0
photo-1581699156516-5a8744d1f3b4-flipped.jpg 22,308,101,258,0 20,408,98,366,0 163,408,238,364,0 304,412,378,363,0 308,312,384,263,0 161,310,236,260,0 171,206,246,155,0 309,211,390,159,0 314,106,393,54,0 174,106,254,53,0 31,100,103,50,0 30,203,105,155,0
photo-1542556399-bc50d87551f9-flipped-mirrored.jpg 405,299,251,200,0 267,254,103,144,0 182,373,48,287,0
photo-1597246098979-af2018aec69f-flipped-mirrored.jpg 240,86,219,54,0 344,72,312,29,0
photo-1549045105-bb8e7539a736-flipped-mirrored.jpg 96,373,44,311,0
photo-1595257841922-549721b1c49d-flipped-mirrored.jpg 333,176,238,115,0
photo-1550565118-3a14e8d0386f-flipped-mirrored.jpg 308,259,136,167,0
photo-1449962887303-b4a91c7c560a-flipped-mirrored.jpg 357,247,256,108,0 415,229,320,65,0 348,100,292,40,0 402,61,348,1,0
photo-1561418452-d59058b7709c-mirrored.jpg 234,100,189,135,0 234,147,186,180,0 234,192,186,225,0
photo-1582793988951-9aed5509eb97-flipped.jpg 258,377,391,182,0
photo-1595241270769-8b8f1fba10f9-flipped.jpg 222,294,294,232,0 336,326,365,293,0
photo-1518228684816-9135c15ab4ea-mirrored.jpg 160,52,94,184,0 83,52,18,188,0 311,144,263,257,0 296,66,259,131,0 259,286,203,410,0 307,271,261,391,0 354,258,312,362,0 349,151,314,243,0 393,135,356,237,0 392,245,354,346,0
photo-1592691582915-966f31aa43bc-flipped.jpg 132,357,285,79,0
photo-1597089223257-cbb9fdcfbbb3-mirrored.jpg 183,28,41,264,0
photo-1563696991568-837fa580c9c7.jpg 109,119,170,206,0 238,228,300,314,0 69,334,132,416,0 281,18,335,99,0 378,333,416,415,0 0,11,31,93,0
images.jpg 34,24,114,79,0 145,16,266,81,0 297,20,383,77,0 294,98,385,182,0 297,212,384,275,0 301,290,382,362,0 154,293,264,362,0 156,205,261,273,0 149,111,270,179,0 31,109,117,182,0 33,202,115,274,0 32,293,115,354,0
photo-1555464735-4706a5ef4bf6-flipped-mirrored.jpg 256,206,148,109,0
photo-1580421110608-c36ef5353919-flipped-mirrored.jpg 277,216,213,181,0 192,158,78,113,0 102,188,0,140,0
photo-1519039640779-4697c23ea2ed-flipped-mirrored.jpg 300,330,219,211,0 247,230,165,103,0 354,224,265,108,0 293,113,210,0,0 210,118,108,5,0 107,122,19,1,0 168,239,80,99,0 203,354,127,227,0 134,338,39,212,0 168,414,83,338,0 337,414,255,335,0 376,340,291,227,0 415,220,351,114,0 415,123,353,2,0 370,104,287,0,0 82,245,0,112,0
photo-1548184349-ea4c498c600d-flipped-mirrored.jpg 208,264,82,95,0
photo-1517314177776-808e4635e276.jpg 212,156,294,284,0
photo-1537734852299-76f5308c300b.jpg 162,240,221,325,0 66,245,112,300,0 88,191,112,226,0
photo-1551807305-baa15a10803f-flipped-mirrored.jpg 321,363,109,47,0
photo-1548184349-ea4c498c600d-flipped.jpg 208,264,334,95,0
photo-1580297083905-7aa003d91b84-flipped.jpg 26,168,305,50,0
photo-1449962887303-b4a91c7c560a.jpg 59,169,160,308,0 1,187,96,351,0 68,316,124,376,0 14,355,68,415,0
photo-1557800636-894a64c1696f-flipped.jpg 150,194,269,116,0
photo-1597329175822-ebe41db849c3-mirrored.jpg 363,137,291,213,0
photo-1526988729262-31c2fbb3f67d-flipped.jpg 8,266,144,175,0 13,405,140,323,0 257,412,395,325,0 268,261,401,175,0 266,115,403,23,0 7,113,139,22,0
photo-1592691282855-eb48cd2b91ed-flipped-mirrored.jpg 204,301,38,51,0
photo-1581699156516-5a8744d1f3b4-mirrored.jpg 394,108,315,158,0 396,8,318,50,0 253,8,178,52,0 112,4,38,53,0 108,104,32,153,0 255,106,180,156,0 245,210,170,261,0 107,205,26,257,0 102,310,23,362,0 242,310,162,363,0 385,316,313,366,0 386,213,311,261,0
original-3913984-1-flipped.jpg 39,391,111,282,0 172,357,261,230,0 296,387,369,282,0 246,267,383,169,0 225,160,385,58,0 96,289,171,194,0 119,189,200,66,0 36,190,113,56,0
photo-1596896639823-da416a9d3960-mirrored.jpg 299,114,268,141,0 292,144,263,167,0 264,137,238,153,0 232,208,196,244,0
photo-1538492732910-eb0899daf4dd-flipped.jpg 157,218,199,166,0 202,259,242,211,0 287,267,325,222,0 366,276,393,233,0 92,201,124,147,0 28,154,63,94,0
photo-1591217270644-7e3a1bb1fd22-mirrored.jpg 244,74,128,153,0
photo-1573504241177-69684aba8fa2-mirrored.jpg 347,156,37,370,0 416,56,333,133,0
photo-1596697939537-bf55495f7630-flipped.jpg 136,327,207,275,0
photo-1511367734837-f2956f0d8020-flipped.jpg 249,412,327,302,0
photo-1526509867162-5b0c0d1b4b33-flipped.jpg 251,262,275,233,0 272,219,292,188,0 244,191,266,158,0 225,232,244,204,0 185,187,226,126,0 109,214,148,157,0
photo-1597260491651-ee327fc487b1-flipped-mirrored.jpg 236,176,99,65,0 382,189,334,141,0
photo-1536330011639-86c5ef5a1045-mirrored.jpg 211,226,147,333,0 292,169,248,230,0 369,166,304,234,0
photo-1596806274852-0ec8d8f4dcec-mirrored.jpg 305,9,175,208,0 263,183,95,395,0 165,11,18,228,0
photo-1524805444758-089113d48a6d-flipped.jpg 101,216,249,108,0
photo-1529800762245-2edb94c697f4-mirrored.jpg 294,176,179,235,0 317,44,169,132,0 284,255,181,320,0 328,276,234,353,0 213,280,113,348,0 175,233,88,293,0
photo-1596697939537-bf55495f7630-mirrored.jpg 280,89,209,141,0
photo-1594199679806-d543943615c8-flipped.jpg 5,413,247,62,0 243,258,334,67,0 325,186,374,68,0
photo-1524115415269-a63b6e8a4115-mirrored.jpg 229,116,109,201,0 190,212,65,299,0 323,239,204,325,0 378,141,240,228,0 402,52,282,122,0 272,30,149,109,0 138,8,15,85,0 94,93,0,173,0
photo-1597090442229-c506cfdafb69.jpg 199,183,267,244,0 85,213,147,310,0
photo-1517314177776-808e4635e276-mirrored.jpg 204,156,122,284,0
photo-1538492732910-eb0899daf4dd-flipped-mirrored.jpg 259,218,217,166,0 214,259,174,211,0 129,267,91,222,0 50,276,23,233,0 324,201,292,147,0 388,154,353,94,0
photo-1592500442204-44e164b65455-flipped.jpg 74,361,258,84,0
photo-1516368694098-47836cebec97.jpg 93,64,342,190,0
photo-1595255676545-7c1be5a3b809-mirrored.jpg 135,326,87,362,0 254,296,193,339,0 404,269,346,309,0
photo-1591168866647-f463dbd563ae-flipped-mirrored.jpg 202,155,144,37,0 103,121,81,84,0
photo-1581067126178-7df937c6d4b4-flipped-mirrored.jpg 220,321,130,235,0 294,246,192,158,0 155,230,75,154,0
photo-1595522099398-50b0f7e19e3e-mirrored.jpg 256,210,149,255,0 285,93,213,167,0
photo-1509091827640-3ecae001c5bf-flipped.jpg 169,231,248,117,0
photo-1533090481720-856c6e3c1fdc-flipped.jpg 33,269,393,198,0
photo-1583777620797-5e0a34794f74-flipped.jpg 74,407,358,133,0
photo-1595506071724-2f46fa0f65e6-flipped-mirrored.jpg 355,379,55,31,0
photo-1582996799723-99369458c176.jpg 242,163,364,313,0
photo-1546630392-db5b1f04874a.jpg 1,225,102,287,0 164,304,252,387,0 233,292,305,336,0 291,244,355,294,0 193,218,306,290,0 277,175,363,231,0 186,157,280,219,0 278,124,350,181,0 164,105,249,159,0 95,70,172,125,0 46,116,190,228,0
photo-1538962526599-a04a470e1936.jpg 115,250,197,341,0 26,299,65,356,0 71,368,132,416,0 264,325,303,351,0
photo-1540396873474-211c005ee4a3.jpg 241,165,297,321,0 301,178,388,322,0 149,212,259,416,0
photo-1592894170688-caa8ebee5e9d-flipped.jpg 67,341,362,162,0
photo-1510877073473-6d4545e9c2af-flipped-mirrored.jpg 257,216,52,142,0
photo-1552065769-8079333a8c8f-mirrored.jpg 298,127,259,183,0
photo-1516824467205-afa656d31a79.jpg 118,140,160,196,0 161,138,202,195,0 202,141,237,195,0
photo-1595417384782-91d12f3584df-flipped.jpg 179,248,239,174,0
photo-1595321957149-ec0bfbdc43a8.jpg 1,169,110,247,0 233,183,294,232,0
photo-1542222024-c39e2281f121-flipped.jpg 176,295,343,110,0 2,308,95,148,0 225,374,359,256,0 23,384,229,183,0
photo-1478317370563-0a8fc17e6837-mirrored.jpg 160,25,82,136,0
photo-1524805444758-089113d48a6d-flipped-mirrored.jpg 315,216,167,108,0
photo-1455813870877-04a32045af63-flipped.jpg 150,260,275,162,0
photo-1581067126178-7df937c6d4b4-flipped.jpg 196,321,286,235,0 122,246,224,158,0 261,230,341,154,0
photo-1573556525222-787b89c9b3a2-flipped.jpg 30,244,176,22,0 246,233,388,22,0
photo-1459552431286-ab62f22b5121.jpg 0,130,84,265,0 36,29,97,132,0 86,66,183,195,0 95,1,157,63,0 168,1,249,118,0 251,1,327,107,0 321,1,382,52,0 289,88,379,217,0 222,111,283,207,0 146,175,247,324,0 251,208,328,320,0 332,209,403,318,0 260,322,348,416,0 182,322,257,416,0 99,287,171,394,0 82,192,145,286,0 25,255,99,361,0 51,366,112,416,0
photo-1559740983-b9c5ffbac1ff-flipped.jpg 17,161,131,84,0
clp2474458-mirrored.jpg 393,77,325,123,0 312,78,240,125,0 175,79,106,125,0 90,78,22,123,0 174,182,106,227,0 90,181,21,227,0 311,183,242,228,0 397,183,325,231,0 397,293,326,340,0 312,291,242,342,0 172,292,104,340,0 90,293,21,339,0
photo-1553440569-bcc63803a83d.jpg 228,266,261,325,0 343,251,371,310,0
photo-1518979353812-b492f6d6fedd-mirrored.jpg 254,150,157,226,0 233,22,164,104,0 318,214,244,261,0 350,346,229,407,0 150,319,39,375,0 127,37,34,95,0
photo-1509475826633-fed577a2c71b.jpg 151,148,213,243,0 237,177,301,271,0
depositphotos_206650160-stock-illustration-colorful-set-oval-shape-objects.jpg 42,28,83,94,0 115,29,157,93,0 186,29,229,93,0 257,28,303,94,0 333,28,374,94,0 15,120,84,160,0 96,120,165,161,0 174,121,243,160,0 254,120,320,159,0 331,120,401,160,0 14,191,83,230,0 95,191,163,231,0 174,191,242,230,0 252,191,322,230,0 331,192,400,230,0 332,262,401,302,0 252,261,320,302,0 173,263,241,301,0 93,261,163,303,0 14,262,83,302,0
photo-1578762560042-46ad127c95ea-flipped-mirrored.jpg 307,259,251,181,0 179,370,48,192,0
photo-1485770958101-9dd7e4ea6d93.jpg 194,226,223,272,0
photo-1571841653386-77b2f456dc09-flipped.jpg 211,335,235,309,0 243,338,269,315,0
photo-1542222024-c39e2281f121.jpg 176,121,343,306,0 2,108,95,268,0 225,42,359,160,0 23,32,229,233,0
photo-1595520166326-1308bba9b287.jpg 174,261,239,307,0 232,245,306,290,0 161,308,255,351,0 252,279,324,324,0 294,206,363,251,0 349,157,415,210,0 105,107,175,150,0 263,133,325,172,0 280,161,339,199,0 327,134,389,166,0 297,109,357,144,0 222,200,294,242,0 183,224,257,264,0
photo-1521753632004-1e003061a315-flipped-mirrored.jpg 263,291,156,225,0
photo-1571169157725-e15bf75b8069-flipped-mirrored.jpg 313,177,188,39,0 249,136,151,22,0 159,99,100,27,0
photo-1473447547337-5770a453122d.jpg 127,89,296,357,0
photo-1594380456495-00b3856fed22.jpg 90,127,150,225,0 137,160,194,261,0 225,199,277,280,0 164,291,210,354,0
photo-1595522099053-beef5fe0b9db-mirrored.jpg 336,84,77,218,0
photo-1591168866647-f463dbd563ae-flipped.jpg 214,155,272,37,0 313,121,335,84,0
photo-1533563505784-67329816bc05.jpg 83,36,320,379,0
istockphoto-1049537800-1024x1024-mirrored.jpg 377,30,332,99,0 304,31,256,99,0 231,34,188,99,0 162,30,110,96,0 85,27,40,102,0 86,124,18,170,0 86,202,18,246,0 84,278,14,325,0 165,274,96,322,0 161,203,96,245,0 166,124,101,166,0 245,128,174,170,0 322,126,255,167,0 401,132,330,173,0 399,202,330,245,0 324,205,255,243,0 242,201,174,245,0 243,275,174,318,0 325,273,255,319,0 404,277,331,324,0
photo-1537734852299-76f5308c300b-flipped-mirrored.jpg 254,176,195,91,0 350,171,304,116,0 328,225,304,190,0
photo-1509196845084-633821d238d9-mirrored.jpg 266,94,239,121,0 232,97,194,128,0 225,131,185,164,0 214,167,178,201,0 259,125,232,148,0 252,153,225,177,0 245,180,214,206,0 280,180,247,208,0 285,153,256,179,0 292,119,262,149,0
photo-1582649806185-9139f75cbc08.jpg 193,168,242,228,0 186,241,222,291,0
photo-1597287485537-da1b36a625cb-flipped-mirrored.jpg 253,269,170,155,0
photo-1597246654936-b7a4b64dbae6-flipped-mirrored.jpg 373,242,13,103,0 101,372,45,324,0
photo-1597284902002-b6100a7a60a5-mirrored.jpg 279,114,224,192,0 173,192,123,217,0
photo-1532767153582-b1a0e5145009-mirrored.jpg 247,91,174,139,0
photo-1550732307-6d6080f8b87d.jpg 171,362,210,400,0 228,360,271,398,0
photo-1596803412312-56ecbaf7a22f-flipped-mirrored.jpg 356,272,57,240,0 294,223,122,206,0
photo-1573556525222-787b89c9b3a2-flipped-mirrored.jpg 386,244,240,22,0 170,233,28,22,0
photo-1585351738104-fce103eca1b1-flipped-mirrored.jpg 325,295,286,247,0 283,295,240,247,0 230,281,185,233,0 185,325,147,281,0 233,322,187,282,0 219,359,180,318,0 263,349,226,302,0
photo-1557800636-894a64c1696f-mirrored.jpg 266,222,147,300,0
photo-1570895662167-1686210f105a.jpg 37,129,221,267,0
photo-1495903546524-cdb71d0aed7d.jpg 252,227,329,350,0
photo-1571841653386-77b2f456dc09-flipped-mirrored.jpg 205,335,181,309,0 173,338,147,315,0
photo-1562574480-fd97d35cee6c-flipped-mirrored.jpg 341,299,234,253,0 229,326,110,269,0 101,332,0,272,0 236,366,125,324,0 121,366,0,318,0 178,249,58,201,0 58,248,1,201,0 155,202,29,141,0 145,141,8,76,0 294,145,140,67,0 282,61,114,0,0 414,73,284,0,0 415,145,298,76,0 415,199,286,146,0 415,260,296,202,0 301,251,175,199,0 285,207,151,146,0 292,144,146,70,0
photo-1597225260787-3912b312d065-mirrored.jpg 415,213,180,319,0
photo-1509091827640-3ecae001c5bf.jpg 169,185,248,299,0
photo-1521295121783-8a321d551ad2-flipped-mirrored.jpg 246,388,29,41,0
photo-1533090368676-1fd25485db88-flipped-mirrored.jpg 318,415,233,295,0 174,146,125,107,0
photo-1514809716608-d16ad180a5dd-flipped.jpg 97,338,184,215,0 221,416,282,344,0
photo-1595255676545-7c1be5a3b809-flipped-mirrored.jpg 135,90,87,54,0 254,120,193,77,0 404,147,346,107,0
photo-1517264034824-e4ee5455c75c.jpg 76,99,171,244,0
photo-1466637574441-749b8f19452f-flipped.jpg 18,290,102,221,0 193,298,234,243,0 228,295,269,236,0 196,233,241,188,0
photo-1571847140471-1d7766e825ea-flipped-mirrored.jpg 226,76,156,20,0 95,327,17,272,0
photo-1595343823032-8212b01e3084-flipped-mirrored.jpg 394,168,317,112,0 338,158,245,106,0 317,292,73,133,0
photo-1483375801503-374c5f660610-flipped.jpg 148,118,165,99,0 234,120,256,96,0
photo-1484553255294-313b931acd27-mirrored.jpg 364,167,244,358,0
photo-1573556525222-787b89c9b3a2.jpg 30,172,176,394,0 246,183,388,394,0
photo-1528044166082-4159f1209b3a.jpg 117,118,202,232,0 300,19,380,142,0 123,1,208,98,0 216,102,309,226,0 257,187,331,302,0 336,175,412,298,0 116,252,200,359,0 178,305,257,416,0 28,290,102,394,0 183,212,261,326,0 242,291,304,408,0 1,1,69,79,0
photo-1530458738063-22ed42fa27c9-mirrored.jpg 240,131,159,281,0
photo-1559740983-b9c5ffbac1ff-mirrored.jpg 399,255,285,332,0
photo-1517278862943-719c3d4315b3-flipped.jpg 135,250,169,221,0 219,254,261,223,0
photo-1597089223257-cbb9fdcfbbb3-flipped-mirrored.jpg 183,388,41,152,0
photo-1581092916357-5896ebc48073-flipped-mirrored.jpg 63,386,37,346,0
photo-1511578314322-379afb476865-flipped-mirrored.jpg 264,56,143,0,0 90,62,11,24,0 415,93,346,51,0 78,329,19,305,0
photo-1477064996809-dae46985eee7.jpg 131,10,397,193,0
photo-1510924199351-4e9d94df18a6-flipped.jpg 158,347,248,214,0 335,279,384,212,0
photo-1597084759111-0abc5d8942a7-mirrored.jpg 354,156,278,224,0
photo-1552519507-da3b142c6e3d.jpg 195,232,235,324,0 317,204,336,273,0
photo-1509216701163-b79cd826e0a6-flipped.jpg 133,241,301,14,0
photo-1509705287452-eeb506ac8b23-mirrored.jpg 233,75,140,195,0 290,222,173,377,0
photo-1582397936337-1c1ddf48ed87-flipped-mirrored.jpg 246,258,171,195,0 251,196,171,128,0
photo-1589118949245-7d38baf380d6.jpg 91,134,160,298,0 199,144,312,349,0
photo-1585557145382-90fc1d06a204-mirrored.jpg 379,102,320,190,0 330,3,275,70,0 252,17,195,86,0 185,8,125,78,0 62,3,0,67,0 110,108,60,192,0 194,185,139,275,0 144,297,97,374,0 58,229,5,314,0 245,294,187,394,0 341,256,284,336,0 262,132,207,220,0 416,292,372,387,0 406,182,370,229,0
photo-1588850031589-50cfaf62e60f.jpg 7,96,209,213,0 202,106,395,199,0 106,2,310,114,0
photo-1518152859494-5249120111ff.jpg 271,246,387,319,0 282,337,384,408,0 27,272,96,343,0 31,349,99,411,0
photo-1596896639823-da416a9d3960-flipped-mirrored.jpg 299,302,268,275,0 292,272,263,249,0 264,279,238,263,0 232,208,196,172,0
photo-1517488948216-e473cee81e23-mirrored.jpg 381,31,29,359,0
photo-1596697939537-bf55495f7630-flipped-mirrored.jpg 280,327,209,275,0
photo-1581399909946-212344b3cf59-flipped-mirrored.jpg 239,151,172,37,0
photo-1513012372342-f0031630af0e-flipped-mirrored.jpg 300,369,109,77,0
photo-1597246090209-f2ebe6144b70.jpg 155,185,240,261,0
photo-1517429128955-67ff5c1e29da-mirrored.jpg 220,227,159,400,0 128,106,96,186,0
photo-1471943038886-87c772c31367-mirrored.jpg 388,147,244,245,0 269,195,44,347,0
photo-1516824467205-afa656d31a79-flipped-mirrored.jpg 298,276,256,220,0 255,278,214,221,0 214,275,179,221,0
photo-1544340411-1616fe74ad47-mirrored.jpg 381,122,239,349,0 177,63,106,180,0 104,74,75,138,0 113,176,47,321,0
photo-1474591424615-7fe467c7fac9-mirrored.jpg 318,203,214,329,0 354,94,249,202,0 415,134,333,252,0 415,17,333,105,0 241,54,144,160,0 161,0,74,109,0 81,23,18,99,0 263,1,165,62,0 340,1,240,88,0 86,98,0,212,0 151,114,90,197,0 123,176,26,299,0 226,164,133,290,0 172,275,86,406,0 290,314,186,416,0 408,325,294,416,0
photo-1521904764098-e4e0a87e3ce0-flipped-mirrored.jpg 315,288,108,123,0
photo-1545304110-0b149ce44157.jpg 68,111,355,290,0
photo-1517644535125-4524aeea6fff-flipped.jpg 87,344,174,218,0 243,325,286,268,0 217,308,260,246,0 251,269,294,210,0 281,320,321,260,0 251,363,297,314,0 164,208,205,148,0
photo-1593958446507-b351ce927f13-flipped.jpg 252,330,350,263,0
photo-1516706332927-bb3a20d62514-flipped.jpg 115,291,156,217,0 200,299,239,229,0 288,299,330,224,0 274,181,317,115,0 209,189,251,117,0 134,179,177,115,0
photo-1562574480-fd97d35cee6c-mirrored.jpg 341,117,234,163,0 229,90,110,147,0 101,84,0,144,0 236,50,125,92,0 121,50,0,98,0 178,167,58,215,0 58,168,1,215,0 155,214,29,275,0 145,275,8,340,0 294,271,140,349,0 282,355,114,416,0 414,343,284,416,0 415,271,298,340,0 415,217,286,270,0 415,156,296,214,0 301,165,175,217,0 285,209,151,270,0 292,272,146,346,0
depositphotos_206650160-stock-illustration-colorful-set-oval-shape-objects-flipped-mirrored.jpg 374,388,333,322,0 301,387,259,323,0 230,387,187,323,0 159,388,113,322,0 83,388,42,322,0 401,296,332,256,0 320,296,251,255,0 242,295,173,256,0 162,296,96,257,0 85,296,15,256,0 402,225,333,186,0 321,225,253,185,0 242,225,174,186,0 164,225,94,186,0 85,224,16,186,0 84,154,15,114,0 164,155,96,114,0 243,153,175,115,0 323,155,253,113,0 402,154,333,114,0
photo-1595522099053-beef5fe0b9db.jpg 80,84,339,218,0
photo-1595320260530-f3b188507214.jpg 204,235,232,271,0
photo-1518975775530-f4dcbbee9672.jpg 79,86,154,144,0 274,222,312,258,0
photo-1495903546524-cdb71d0aed7d-flipped.jpg 252,189,329,66,0
photo-1571169157725-e15bf75b8069-flipped.jpg 103,177,228,39,0 167,136,265,22,0 257,99,316,27,0
photo-1515974256630-babc85765b1d-flipped.jpg 151,291,260,126,0
photo-1516706332927-bb3a20d62514-mirrored.jpg 301,125,260,199,0 216,117,177,187,0 128,117,86,192,0 142,235,99,301,0 207,227,165,299,0 282,237,239,301,0
photo-1554078140-01f553ad4d40.jpg 217,3,278,54,0 361,79,381,92,0
photo-1573950940509-d924ee3fd345-flipped.jpg 202,259,323,54,0 317,318,353,274,0 338,58,416,17,0 101,201,137,165,0
photo-1595306049322-197897add10b.jpg 77,275,138,394,0 234,274,309,378,0
photo-1595241270769-8b8f1fba10f9-flipped-mirrored.jpg 194,294,122,232,0 80,326,51,293,0
photo-1517644535125-4524aeea6fff-flipped-mirrored.jpg 329,344,242,218,0 173,325,130,268,0 199,308,156,246,0 165,269,122,210,0 135,320,95,260,0 165,363,119,314,0 252,208,211,148,0
photo-1518291344630-4857135fb581-mirrored.jpg 380,63,265,234,0
photo-1515864335-3bafcca4d9f5-mirrored.jpg 323,14,230,84,0 120,91,26,158,0 142,151,74,200,0 214,205,19,351,0
photo-1597080387512-7e43dc8883b1-mirrored.jpg 359,205,287,254,0 340,258,271,294,0 408,268,349,310,0 96,247,16,302,0 107,308,31,360,0 59,346,0,407,0 161,83,54,154,0
noname-flipped.png 27,366,84,311,0 166,367,248,311,0 161,215,254,155,0 33,213,75,154,0 31,105,79,47,0 165,111,254,52,0 325,117,397,52,0 327,217,396,155,0 327,370,401,310,0
photo-1469533778471-92a68acc3633-flipped.jpg 210,276,250,221,0 247,288,291,246,0 101,337,179,282,0 267,347,342,288,0 326,382,393,333,0
photo-1563696991568-837fa580c9c7-flipped.jpg 109,297,170,210,0 238,188,300,102,0 69,82,132,0,0 281,398,335,317,0 378,83,416,1,0 0,405,31,323,0
photo-1581399909946-212344b3cf59-flipped.jpg 177,151,244,37,0
photo-1496644256288-2bb0a65f32f6-mirrored.jpg 299,177,228,264,0
photo-1519039640779-4697c23ea2ed-flipped.jpg 116,330,197,211,0 169,230,251,103,0 62,224,151,108,0 123,113,206,0,0 206,118,308,5,0 309,122,397,1,0 248,239,336,99,0 213,354,289,227,0 282,338,377,212,0 248,414,333,338,0 79,414,161,335,0 40,340,125,227,0 1,220,65,114,0 1,123,63,2,0 46,104,129,0,0 334,245,416,112,0
photo-1471943038886-87c772c31367-flipped-mirrored.jpg 388,269,244,171,0 269,221,44,69,0
photo-1509475826633-fed577a2c71b-flipped.jpg 151,268,213,173,0 237,239,301,145,0
photo-1466637574441-749b8f19452f-mirrored.jpg 398,126,314,195,0 223,118,182,173,0 188,121,147,180,0 220,183,175,228,0
photo-1580421110608-c36ef5353919-flipped.jpg 139,216,203,181,0 224,158,338,113,0 314,188,416,140,0
photo-1596803412312-56ecbaf7a22f-flipped.jpg 60,272,359,240,0 122,223,294,206,0
photo-1595522494414-4f39d6f74564-mirrored.jpg 282,172,129,223,0
photo-1538962526599-a04a470e1936-mirrored.jpg 301,250,219,341,0 390,299,351,356,0 345,368,284,416,0 152,325,113,351,0
photo-1597303214120-b4e3df4830af.jpg 68,74,355,345,0
photo-1518979353812-b492f6d6fedd-flipped.jpg 162,266,259,190,0 183,394,252,312,0 98,202,172,155,0 66,70,187,9,0 266,97,377,41,0 289,379,382,321,0
photo-1582397936337-1c1ddf48ed87-mirrored.jpg 246,158,171,221,0 251,220,171,288,0
photo-1571075180369-888125e0bc84-flipped.jpg 23,278,169,48,0 249,280,391,53,0
photo-1517429128955-67ff5c1e29da-flipped-mirrored.jpg 220,189,159,16,0 128,310,96,230,0