photo-1596806274852-0ec8d8f4dcec.jpg 111,9,241,208,0 153,183,321,395,0 251,11,398,228,0
photo-1532634861-1e70d179e7bc.jpg 10,42,209,416,0
photo-1581399909946-212344b3cf59.jpg 177,265,244,379,0
photo-1473447547337-5770a453122d.jpg 127,89,296,357,0
photo-1550565118-3a14e8d0386f.jpg 108,157,280,249,0
photo-1595520166326-1308bba9b287.jpg 174,261,239,307,0 232,245,306,290,0 161,308,255,351,0 252,279,324,324,0 294,206,363,251,0 349,157,415,210,0 105,107,175,150,0 263,133,325,172,0 280,161,339,199,0 327,134,389,166,0 297,109,357,144,0 222,200,294,242,0 183,224,257,264,0
photo-1580052614034-c55d20bfee3b.jpg 142,193,344,332,0 318,132,416,262,0
im.jpg 100,127,310,301,0
photo-1595255676545-7c1be5a3b809.jpg 281,326,329,362,0 162,296,223,339,0 12,269,70,309,0
photo-1595417384782-91d12f3584df.jpg 179,168,239,242,0
photo-1549045105-bb8e7539a736.jpg 320,43,372,105,0
Безназвания.png 27,50,84,105,0 166,49,248,105,0 161,201,254,261,0 33,203,75,262,0 31,311,79,369,0 165,305,254,364,0 325,299,397,364,0 327,199,396,261,0 327,46,401,106,0
photo-1585255067978-692d8d585ea8.jpg 47,143,161,373,0 243,145,387,403,0
photo-1533563180007-9f3f0af01970.jpg 194,221,288,370,0
photo-1595446757331-795d866924a9.jpg 171,131,201,173,0 292,64,338,121,0
photo-1512851685250-bfa0aa982a1c.jpg 156,112,257,304,0 356,14,408,106,0 317,88,367,177,0 317,240,372,336,0 360,309,412,400,0 9,312,60,408,0 48,238,102,332,0 44,82,103,176,0 4,12,65,110,0 20,182,50,235,0 109,185,143,234,0 132,112,163,164,0 252,109,286,165,0 277,185,306,235,0 256,257,282,305,0 197,355,224,403,0 194,13,223,66,0 368,186,398,238,0
photo-1582793988951-9aed5509eb97.jpg 258,39,391,234,0
photo-1594380456495-00b3856fed22.jpg 90,127,150,225,0 137,160,194,261,0 225,199,277,280,0 164,291,210,354,0
photo-1587040690309-259114f43648.jpg 44,104,223,175,0 168,255,267,307,0
photo-1587316745726-41d3e8b4942d.jpg 143,86,283,225,0
photo-1478317370563-0a8fc17e6837.jpg 256,25,334,136,0
photo-1541913299-273fd84d10c4.jpg 167,126,254,280,0
photo-1573556525222-787b89c9b3a2.jpg 30,172,176,394,0 246,183,388,394,0
photo-1594199679806-d543943615c8.jpg 5,3,247,354,0 243,158,334,349,0 325,230,374,348,0
photo-1518152859494-5249120111ff.jpg 271,246,387,319,0 282,337,384,408,0 27,272,96,343,0 31,349,99,411,0
photo-1483375801503-374c5f660610.jpg 148,298,165,317,0 234,296,256,320,0
photo-1533404430309-762b1e4df052.jpg 46,40,90,94,0 105,41,149,95,0 163,42,206,94,0 221,41,265,95,0 281,41,322,96,0 338,44,381,96,0 333,115,376,173,0 280,117,320,169,0 221,114,266,169,0 165,115,205,167,0 108,115,150,167,0 54,115,91,165,0 49,187,91,239,0 108,190,147,241,0 50,261,92,316,0 108,261,148,316,0 165,262,204,314,0 222,263,261,314,0 278,262,320,316,0 334,262,375,317,0 334,192,374,241,0 277,189,316,241,0 222,189,261,239,0 164,189,205,239,0
photo-1517429128955-67ff5c1e29da.jpg 196,227,257,400,0 288,106,320,186,0
photo-1515542706656-8e6ef17a1521.jpg 273,69,335,170,0 143,266,171,298,0
photo-1595452588429-b52ca8701283.jpg 186,214,254,259,0
photo-1593936046710-1ae6b8275e71.jpg 135,74,306,299,0
photo-1592691582915-966f31aa43bc.jpg 132,59,285,337,0
photo-1597246090209-f2ebe6144b70.jpg 155,185,240,261,0
photo-1511367734837-f2956f0d8020.jpg 249,4,327,114,0
photo-1585557145382-90fc1d06a204.jpg 37,102,96,190,0 86,3,141,70,0 164,17,221,86,0 231,8,291,78,0 354,3,416,67,0 306,108,356,192,0 222,185,277,275,0 272,297,319,374,0 358,229,411,314,0 171,294,229,394,0 75,256,132,336,0 154,132,209,220,0 0,292,44,387,0 10,182,46,229,0
photo-1588940473740-5b5df7657f44.jpg 66,83,353,295,0
photo-1518228684816-9135c15ab4ea.jpg 256,52,322,184,0 333,52,398,188,0 105,144,153,257,0 120,66,157,131,0 157,286,213,410,0 109,271,155,391,0 62,258,104,362,0 67,151,102,243,0 23,135,60,237,0 24,245,62,346,0
photo-1587590227264-0ac64ce63ce8.jpg 131,104,297,343,0
original-3913984-1.jpg 39,25,111,134,0 172,59,261,186,0 296,29,369,134,0 246,149,383,247,0 225,256,385,358,0 96,127,171,222,0 119,227,200,350,0 36,226,113,360,0
photo-1459552431286-ab62f22b5121.jpg 0,130,84,265,0 36,29,97,132,0 86,66,183,195,0 95,1,157,63,0 168,1,249,118,0 251,1,327,107,0 321,1,382,52,0 289,88,379,217,0 222,111,283,207,0 146,175,247,324,0 251,208,328,320,0 332,209,403,318,0 260,322,348,416,0 182,322,257,416,0 99,287,171,394,0 82,192,145,286,0 25,255,99,361,0 51,366,112,416,0
photo-1584467735867-4297ae2ebcee.jpg 342,212,410,262,0 215,62,250,99,0 196,238,231,262,0 210,364,245,394,0
photo-1517314177776-808e4635e276.jpg 212,156,294,284,0
photo-1509216701163-b79cd826e0a6.jpg 133,175,301,402,0
photo-1526988729262-31c2fbb3f67d.jpg 8,150,144,241,0 13,11,140,93,0 257,4,395,91,0 268,155,401,241,0 266,301,403,393,0 7,303,139,394,0
photo-1595522099053-beef5fe0b9db.jpg 80,84,339,218,0
photo-1543443258-92b04ad5ec6b.jpg 159,206,261,358,0 145,158,194,192,0
photo-1596650735302-e4bca2dfa2fe.jpg 293,99,324,148,0
photo-1571847140471-1d7766e825ea.jpg 190,340,260,396,0 321,89,399,144,0
photo-1498354178607-a79df2916198.jpg 27,178,248,321,0
photo-1528945522327-7032b0774637.jpg 80,193,151,234,0 152,202,230,245,0 225,205,306,247,0 165,165,231,206,0 234,171,317,207,0 223,140,300,175,0
photo-1585770900605-fdd4161f9469.jpg 94,151,146,218,0 140,189,191,252,0 195,54,241,131,0 153,26,200,97,0 41,275,94,355,0 89,317,138,394,0
photo-1588850031589-50cfaf62e60f.jpg 7,96,209,213,0 202,106,395,199,0 106,2,310,114,0
photo-1509475826633-fed577a2c71b.jpg 151,148,213,243,0 237,177,301,271,0
photo-1570498839593-e565b39455fc.jpg 221,183,292,234,0
photo-1567421077516-8eca92252f06.jpg 109,198,295,289,0 34,96,170,144,0 331,46,415,88,0 215,85,320,120,0
photo-1597287485537-da1b36a625cb.jpg 163,147,246,261,0
photo-1519018094032-dd9fb177778e.jpg 164,131,210,160,0 231,124,275,155,0
photo-1597084759111-0abc5d8942a7.jpg 62,156,138,224,0
photo-1510924199351-4e9d94df18a6.jpg 158,69,248,202,0 335,137,384,204,0
photo-1466637574441-749b8f19452f.jpg 18,126,102,195,0 193,118,234,173,0 228,121,269,180,0 196,183,241,228,0
photo-1595321957149-ec0bfbdc43a8.jpg 1,169,110,247,0 233,183,294,232,0
photo-1536330011639-86c5ef5a1045.jpg 205,226,269,333,0 124,169,168,230,0 47,166,112,234,0
photo-1595069906974-f8ae7ffc3e7a.jpg 205,119,382,262,0 50,79,190,185,0
photo-1597246098979-af2018aec69f.jpg 176,330,197,362,0 72,344,104,387,0
photo-1595435742656-5272d0b3fa82.jpg 144,110,225,182,0 139,232,205,287,0
photo-1594321776215-056164cdc889.jpg 173,121,300,215,0 202,247,358,358,0
photo-1524678714210-9917a6c619c2.jpg 179,164,232,248,0
photo-1580051235428-f88ae8a2d53b.jpg 89,106,319,290,0
photo-1595522099398-50b0f7e19e3e.jpg 160,210,267,255,0 131,93,203,167,0
photo-1597284902002-b6100a7a60a5.jpg 137,114,192,192,0 243,192,293,217,0
photo-1595320260530-f3b188507214.jpg 204,235,232,271,0
photo-1519039640779-4697c23ea2ed.jpg 116,86,197,205,0 169,186,251,313,0 62,192,151,308,0 123,303,206,416,0 206,298,308,411,0 309,294,397,415,0 248,177,336,317,0 213,62,289,189,0 282,78,377,204,0 248,2,333,78,0 79,2,161,81,0 40,76,125,189,0 1,196,65,302,0 1,293,63,414,0 46,312,129,416,0 334,171,416,304,0
photo-1511578314322-379afb476865.jpg 152,360,273,416,0 326,354,405,392,0 1,323,70,365,0 338,87,397,111,0
photo-1582996799723-99369458c176.jpg 242,163,364,313,0
photo-1575026790968-a60e29365048.jpg 153,148,273,243,0
photo-1596437015375-58bc092b07b4.jpg 146,141,299,333,0
photo-1596199050105-6d5d32222916.jpg 65,161,197,246,0 124,250,243,332,0 243,237,364,314,0 202,124,277,177,0 81,102,211,174,0 85,57,182,117,0 215,90,336,171,0
photo-1593377201811-4516986cbe41.jpg 137,118,177,146,0 195,120,232,148,0 343,250,416,303,0
photo-1546548970-71785318a17b.jpg 85,35,263,148,0 271,82,361,141,0 193,133,365,250,0 86,147,174,209,0 1,108,93,176,0 90,208,218,292,0 37,272,118,336,0 25,340,151,416,0 137,287,332,413,0 304,241,416,325,0
photo-1581699156516-5a8744d1f3b4.jpg 22,108,101,158,0 20,8,98,50,0 163,8,238,52,0 304,4,378,53,0 308,104,384,153,0 161,106,236,156,0 171,210,246,261,0 309,205,390,257,0 314,310,393,362,0 174,310,254,363,0 31,316,103,366,0 30,213,105,261,0
photo-1533090481720-856c6e3c1fdc.jpg 33,147,393,218,0
photo-1521753632004-1e003061a315.jpg 153,125,260,191,0
photo-1496989981497-27d69cdad83e.jpg 128,117,294,305,0
hot-air-balloon-5390488_960_720.jpg 21,68,394,315,0
photo-1543699565-003b8adda5fc.jpg 69,117,212,245,0 242,164,382,310,0
photo-1533090368676-1fd25485db88.jpg 98,1,183,121,0 242,270,291,309,0
photo-1517264034824-e4ee5455c75c.jpg 76,99,171,244,0
photo-1579382479752-89d17805c2a3.jpg 89,173,182,229,0
photo-1516706332927-bb3a20d62514.jpg 115,125,156,199,0 200,117,239,187,0 288,117,330,192,0 274,235,317,301,0 209,227,251,299,0 134,237,177,301,0
photo-1551893134-0501d8ad612e.jpg 103,115,202,280,0 237,105,338,277,0 49,290,164,416,0 1,93,75,265,0 22,0,141,114,0 331,1,416,95,0 312,287,416,416,0
photo-1597250540935-94ebdd0f045e.jpg 165,106,281,174,0
photo-1470472304068-4398a9daab00.jpg 177,166,238,247,0
photo-1497495864675-9444f4483ec9.jpg 171,41,246,186,0 44,235,131,369,0
photo-1484553255294-313b931acd27.jpg 52,167,172,358,0
photo-1597244359542-b375d7453e2c.jpg 192,109,228,152,0
photo-1597260491651-ee327fc487b1.jpg 180,240,317,351,0 34,227,82,275,0
photo-1509091827640-3ecae001c5bf.jpg 169,185,248,299,0
photo-1579379217717-56deff56d802.jpg 102,218,301,355,0 130,73,323,205,0
photo-1566543129384-767dc695d8e8.jpg 93,164,222,369,0
photo-1537734852299-76f5308c300b.jpg 162,240,221,325,0 66,245,112,300,0 88,191,112,226,0
photo-1531731099075-1175cb66950e.jpg 166,335,261,391,0 232,282,298,319,0 366,199,394,221,0 313,152,335,167,0 271,95,313,129,0 270,76,282,87,0 286,80,322,102,0
photo-1538962526599-a04a470e1936.jpg 115,250,197,341,0 26,299,65,356,0 71,368,132,416,0 264,325,303,351,0
photo-1530124175301-15984e162c84.jpg 104,191,222,280,0 56,99,138,174,0 1,135,62,209,0
photo-1588853200055-69f55237d105.jpg 275,36,335,231,0
photo-1597076508462-1ed57c8a6aea.jpg 176,173,209,222,0 206,162,245,218,0
photo-1550732307-6d6080f8b87d.jpg 171,362,210,400,0 228,360,271,398,0
photo-1580687833952-959fdf06f2af.jpg 44,54,182,141,0 222,52,359,140,0 230,169,360,261,0 234,283,360,371,0 52,170,184,257,0 57,282,189,375,0
photo-1559181567-c3190ca9959b.jpg 121,239,205,309,0 216,236,309,310,0
photo-1573066265159-37a92b483851.jpg 177,174,245,238,0 79,200,147,255,0 106,303,186,390,0 214,273,285,357,0 316,132,376,207,0 54,93,117,155,0 144,74,209,139,0 231,62,291,123,0 0,333,73,415,0
photo-1593318560857-6cb2d0ed5c6e.jpg 150,136,291,352,0
photo-1592642131178-3f8d38b92fde.jpg 301,179,381,229,0 99,113,158,148,0 287,62,335,95,0 83,20,138,52,0
photo-1528474078150-7324b0375b1c.jpg 167,328,195,371,0
photo-1572976993240-ee51181680be.jpg 171,196,237,219,0
photo-1447103221969-00d97a9f38dd.jpg 47,105,206,329,0
photo-1577218546063-5e53e820851e.jpg 209,348,277,398,0 283,332,360,388,0
photo-1578762560042-46ad127c95ea.jpg 109,157,165,235,0 237,46,368,224,0
photo-1509440159596-0249088772ff.jpg 30,21,197,257,0 143,119,365,389,0 199,2,352,133,0
photo-1542299278-a78464851ddc.jpg 185,135,291,236,0
photo-1549216963-72c1712c1196.jpg 60,209,174,385,0 231,208,340,387,0 166,299,200,341,0
photo-1597246654936-b7a4b64dbae6.jpg 43,174,403,313,0 315,44,371,92,0
photo-1495147466023-ac5c588e2e94.jpg 33,44,117,99,0 120,45,212,101,0 215,45,298,105,0 304,46,389,107,0 296,109,386,167,0 285,169,383,226,0 304,233,388,288,0 302,294,392,355,0 208,293,297,349,0 205,234,297,291,0 113,175,205,232,0 115,235,202,291,0 117,297,205,353,0 20,229,113,290,0 21,169,108,228,0 33,105,126,169,0 20,295,116,356,0
photo-1521390599342-7325078dfebc.jpg 27,96,101,157,0 145,37,211,97,0 185,118,262,172,0 345,174,394,216,0 301,249,351,286,0 154,234,205,283,0 214,274,262,315,0 125,326,178,369,0 57,218,103,257,0 126,175,165,207,0
photo-1595456040477-fabe3bb71455.jpg 196,168,239,254,0 223,128,278,189,0 242,181,301,264,0
photo-1597303214120-b4e3df4830af.jpg 68,74,355,345,0
photo-1592894170688-caa8ebee5e9d.jpg 67,75,362,254,0
photo-1497618891100-ac2f06bef939.jpg 105,152,190,281,0 254,156,350,289,0
photo-1528837629472-52c7894f284a.jpg 89,62,126,114,0 144,65,180,112,0 35,134,72,184,0 90,133,123,185,0 91,206,123,256,0 145,206,180,256,0 144,279,179,327,0 92,351,123,400,0 37,278,71,325,0 221,82,239,130,0 246,99,263,147,0 271,118,285,167,0 295,137,308,182,0 245,169,262,219,0 222,223,239,273,0 270,254,286,301,0 293,202,309,250,0 341,168,354,215,0 382,197,394,241,0 401,210,415,259,0 361,246,375,292,0 384,260,393,308,0 401,278,415,320,0 340,298,354,345,0 361,310,374,357,0 294,337,310,383,0 317,349,332,396,0 271,392,293,416,0
photo-1596972595738-8e0a62e82f25.jpg 193,195,223,226,0
photo-1514809716608-d16ad180a5dd.jpg 97,78,184,201,0 221,0,282,72,0
photo-1532767153582-b1a0e5145009.jpg 169,91,242,139,0
photo-1516824467205-afa656d31a79.jpg 118,140,160,196,0 161,138,202,195,0 202,141,237,195,0
photo-1496644256288-2bb0a65f32f6.jpg 117,177,188,264,0
photo-1596896639823-da416a9d3960.jpg 117,114,148,141,0 124,144,153,167,0 152,137,178,153,0 184,208,220,244,0
photo-1527786356703-4b100091cd2c.jpg 170,326,212,388,0 287,320,322,369,0
photo-1524499982521-1ffd58dd89ea.jpg 47,169,160,250,0 234,176,328,246,0
photo-1538492732910-eb0899daf4dd.jpg 157,198,199,250,0 202,157,242,205,0 287,149,325,194,0 366,140,393,183,0 92,215,124,269,0 28,262,63,322,0
photo-1515470795860-432fb0098a39(1).jpg 85,81,164,133,0 167,82,241,138,0 150,64,206,97,0 138,130,187,184,0 170,147,232,196,0 226,151,275,203,0 97,200,166,255,0 66,235,140,288,0 125,286,184,322,0 140,239,221,294,0 176,197,243,251,0 258,200,333,250,0 233,232,306,283,0 185,286,264,341,0 262,265,335,317,0 319,292,394,339,0 280,328,342,366,0
photo-1544340411-1616fe74ad47.jpg 35,122,177,349,0 239,63,310,180,0 312,74,341,138,0 303,176,369,321,0
photo-1593642634315-48f5414c3ad9.jpg 56,243,124,281,0
photo-1474591424615-7fe467c7fac9.jpg 98,203,202,329,0 62,94,167,202,0 1,134,83,252,0 1,17,83,105,0 175,54,272,160,0 255,0,342,109,0 335,23,398,99,0 153,1,251,62,0 76,1,176,88,0 330,98,416,212,0 265,114,326,197,0 293,176,390,299,0 190,164,283,290,0 244,275,330,406,0 126,314,230,416,0 8,325,122,416,0
photo-1597082037063-d1001210a76f.jpg 82,164,183,326,0 241,155,342,314,0
photo-1583305727488-61f82c7eae4b.jpg 87,195,228,307,0
photo-1581067126178-7df937c6d4b4.jpg 196,95,286,181,0 122,170,224,258,0 261,186,341,262,0
photo-1524115415269-a63b6e8a4115.jpg 187,116,307,201,0 226,212,351,299,0 93,239,212,325,0 38,141,176,228,0 14,52,134,122,0 144,30,267,109,0 278,8,401,85,0 322,93,416,173,0
photo-1578863950612-905bfd9f41f1.jpg 156,278,284,372,0
photo-1597149169321-5a4b0cbd440d.jpg 164,177,222,258,0
photo-1596273312170-6f83de8755f1.jpg 29,179,371,336,0 72,59,375,153,0
photo-1471943038886-87c772c31367.jpg 28,147,172,245,0 147,195,372,347,0
photo-1596464750157-3965eeddc923.jpg 184,146,311,238,0
gettyimages-183802843-612x612.jpg 43,62,177,356,0 238,64,371,357,0
photo-1559740983-b9c5ffbac1ff.jpg 17,255,131,332,0
photo-1597157595247-461b85ec33b9.jpg 253,125,338,256,0
photo-1516890896652-41ca1a35787c.jpg 221,16,279,83,0
photo-1595514534892-a1ce92ee8677.jpg 178,54,286,187,0
photo-1459257831348-f0cdd359235f.jpg 227,156,340,356,0
photo-1587316745941-345801a15d8e.jpg 103,76,201,222,0
photo-1514285490982-4130e9aefedb.jpg 82,125,335,291,0
photo-1449962887303-b4a91c7c560a.jpg 59,169,160,308,0 1,187,96,351,0 68,316,124,376,0 14,355,68,415,0
photo-1508670102968-a8961dab9fc6.jpg 27,47,120,137,0
photo-1521499892833-773a6c6fd0b8.jpg 166,157,221,225,0
photo-1548184349-ea4c498c600d.jpg 208,152,334,321,0
photo-1561418452-d59058b7709c.jpg 182,100,227,135,0 182,147,230,180,0 182,192,230,225,0
photo-1597250738092-163cb50bf629.jpg 150,168,256,242,0
photo-1560697043-f880bb028f1e.jpg 114,254,169,336,0 17,336,51,374,0
photo-1529800762245-2edb94c697f4.jpg 122,176,237,235,0 99,44,247,132,0 132,255,235,320,0 88,276,182,353,0 203,280,303,348,0 241,233,328,293,0
photo-1518979353812-b492f6d6fedd.jpg 162,150,259,226,0 183,22,252,104,0 98,214,172,261,0 66,346,187,407,0 266,319,377,375,0 289,37,382,95,0
photo-1571075180369-888125e0bc84.jpg 23,138,169,368,0 249,136,391,363,0
photo-1557800636-894a64c1696f.jpg 150,222,269,300,0
photo-1523294587484-bae6cc870010.jpg 250,157,329,291,0 291,54,371,180,0
photo-1596122532177-7f1583c9401e.jpg 53,154,134,248,0 83,239,179,372,0
photo-1551807305-baa15a10803f.jpg 95,53,307,369,0
depositphotos_206650160-stock-illustration-colorful-set-oval-shape-objects.jpg 42,28,83,94,0 115,29,157,93,0 186,29,229,93,0 257,28,303,94,0 333,28,374,94,0 15,120,84,160,0 96,120,165,161,0 174,121,243,160,0 254,120,320,159,0 331,120,401,160,0 14,191,83,230,0 95,191,163,231,0 174,191,242,230,0 252,191,322,230,0 331,192,400,230,0 332,262,401,302,0 252,261,320,302,0 173,263,241,301,0 93,261,163,303,0 14,262,83,302,0
photo-1469533778471-92a68acc3633.jpg 210,140,250,195,0 247,128,291,170,0 101,79,179,134,0 267,69,342,128,0 326,34,393,83,0
photo-1528044166082-4159f1209b3a.jpg 117,118,202,232,0 300,19,380,142,0 123,1,208,98,0 216,102,309,226,0 257,187,331,302,0 336,175,412,298,0 116,252,200,359,0 178,305,257,416,0 28,290,102,394,0 183,212,261,326,0 242,291,304,408,0 1,1,69,79,0
photo-1570895662167-1686210f105a.jpg 37,129,221,267,0
photo-1497040059851-bd928f851c43.jpg 162,180,262,235,0
photo-1556922404-e13d9ff95de8.jpg 133,184,276,277,0
photo-1581092916357-5896ebc48073.jpg 353,30,379,70,0
photo-1589381383961-4388391972a3.jpg 137,84,404,275,0
photo-1597080387512-7e43dc8883b1.jpg 57,205,129,254,0 76,258,145,294,0 8,268,67,310,0 320,247,400,302,0 309,308,385,360,0 357,346,416,407,0 255,83,362,154,0
photo-1596697939537-bf55495f7630.jpg 136,89,207,141,0
photo-1580421110608-c36ef5353919.jpg 139,200,203,235,0 224,258,338,303,0 314,228,416,276,0
photo-1567976373587-10cd4f2b1e58.jpg 161,57,274,145,0 309,93,405,177,0 315,188,416,275,0 171,167,276,255,0 162,273,284,366,0 319,299,415,383,0 14,356,134,416,0 12,242,124,329,0 13,129,130,228,0 10,28,126,118,0
photo-1529566533972-fe622409cc14.jpg 145,200,268,359,0
photo-1552519507-da3b142c6e3d.jpg 195,232,235,324,0 317,204,336,273,0
photo-1511971316009-f6303916ad35.jpg 208,271,278,339,0
photo-1578126074645-2b0affa37c0c.jpg 228,235,360,409,0
photo-1596803412312-56ecbaf7a22f.jpg 60,144,359,176,0 122,193,294,210,0
photo-1593958446507-b351ce927f13.jpg 252,86,350,153,0
photo-1582397936337-1c1ddf48ed87.jpg 170,158,245,221,0 165,220,245,288,0
photo-1597055465321-55a807c2f493.jpg 192,272,223,304,0 332,282,361,309,0
photo-1595306049322-197897add10b.jpg 77,275,138,394,0 234,274,309,378,0
photo-1596463097767-79a39851a776.jpg 70,258,101,297,0 180,270,221,313,0 242,265,264,296,0
photo-1513012372342-f0031630af0e.jpg 116,47,307,339,0
photo-1540396873474-211c005ee4a3.jpg 241,165,297,321,0 301,178,388,322,0 149,212,259,416,0
photo-1597225260787-3912b312d065.jpg 1,213,236,319,0
istockphoto-1049537800-1024x1024.jpg 39,30,84,99,0 112,31,160,99,0 185,34,228,99,0 254,30,306,96,0 331,27,376,102,0 330,124,398,170,0 330,202,398,246,0 332,278,402,325,0 251,274,320,322,0 255,203,320,245,0 250,124,315,166,0 171,128,242,170,0 94,126,161,167,0 15,132,86,173,0 17,202,86,245,0 92,205,161,243,0 174,201,242,245,0 173,275,242,318,0 91,273,161,319,0 12,277,85,324,0
photo-1477064996809-dae46985eee7.jpg 131,10,397,193,0
photo-1513849227832-b9786632d98e.jpg 116,144,242,227,0 291,11,416,97,0 225,267,358,338,0 1,273,81,342,0
photo-1510877073473-6d4545e9c2af.jpg 159,200,364,274,0
photo-1509705287452-eeb506ac8b23.jpg 183,75,276,195,0 126,222,243,377,0
photo-1572314997669-275cf96124fc.jpg 114,158,304,289,0
photo-1530458738063-22ed42fa27c9.jpg 176,131,257,281,0
photo-1583777620797-5e0a34794f74.jpg 74,9,358,283,0
photo-1458819714733-e5ab3d536722.jpg 150,188,301,288,0
photo-1595578357846-21471f5f982e.jpg 177,150,259,251,0
photo-1597131527856-13cdb8dc050e.jpg 238,310,261,349,0 312,333,335,368,0 131,23,153,69,0 117,36,128,61,0
photo-1499854413229-6d1c92ff39ef.jpg 175,173,218,232,0
photo-1595241270769-8b8f1fba10f9.jpg 222,122,294,184,0 336,90,365,123,0
photo-1524805444758-089113d48a6d.jpg 101,200,249,308,0